{
  "metadata": {
    "experiment_id": "experiment_iter6_dir1",
    "hypothesis": "Cross-Representation Neighborhood Dissonance + Schoener's D Ecological Niche Overlap",
    "n_datasets": 6,
    "datasets_used": [
      "medical_abstracts",
      "mimic_iv_ed_demo",
      "ohsumed_single",
      "mental_health_conditions",
      "medical_abstracts_v2",
      "medical_transcriptions"
    ],
    "feature_spaces": [
      "tfidf",
      "embed",
      "llm"
    ],
    "k_values": [
      5,
      10,
      20
    ],
    "noise_rates": [
      0.05,
      0.1,
      0.2
    ],
    "n_noise_seeds": 3,
    "max_sample_n": 300,
    "llm_model": "meta-llama/llama-3.1-8b-instruct",
    "llm_total_calls": 801,
    "llm_total_cost_usd": 0.0153,
    "runtime_seconds": 3185.2,
    "timestamp": "2026-02-20T09:47:14",
    "per_dataset_aggregate": {
      "medical_abstracts": {
        "dataset_info": {
          "n": 300,
          "n_classes": 5,
          "class_distribution": {
            "Neoplasms": 62,
            "General_pathological_conditions": 107,
            "Cardiovascular_diseases": 74,
            "Digestive_system_diseases": 26,
            "Nervous_system_diseases": 31
          },
          "class_names": [
            "Cardiovascular_diseases",
            "Digestive_system_diseases",
            "General_pathological_conditions",
            "Neoplasms",
            "Nervous_system_diseases"
          ]
        },
        "feature_space_info": {
          "tfidf": {
            "shape": [
              300,
              4396
            ]
          },
          "embed": {
            "shape": [
              300,
              384
            ]
          },
          "llm": {
            "shape": [
              300,
              5
            ]
          }
        },
        "crnd_summary": {
          "k5": {
            "mean": 0.9161,
            "median": 0.9167,
            "std": 0.064,
            "min": 0.6111,
            "max": 1.0
          },
          "k10": {
            "mean": 0.9098,
            "median": 0.9167,
            "std": 0.0522,
            "min": 0.7222,
            "max": 1.0
          },
          "k20": {
            "mean": 0.8896,
            "median": 0.8991,
            "std": 0.0501,
            "min": 0.6897,
            "max": 0.9915
          }
        },
        "niche_overlap_summary": {
          "tfidf_pca_2d": {
            "mean_D": 0.6046,
            "std_D": 0.1052,
            "D_matrix": [
              [
                1.0,
                0.593917136544573,
                0.6223650028501619,
                0.4246819243247215,
                0.448735355645696
              ],
              [
                0.593917136544573,
                1.0,
                0.7218484147561433,
                0.5178557233248146,
                0.652048733954921
              ],
              [
                0.6223650028501619,
                0.7218484147561433,
                1.0,
                0.6418519261911658,
                0.7652637091654911
              ],
              [
                0.4246819243247215,
                0.5178557233248146,
                0.6418519261911658,
                1.0,
                0.6575722967743667
              ],
              [
                0.448735355645696,
                0.652048733954921,
                0.7652637091654911,
                0.6575722967743667,
                1.0
              ]
            ],
            "explained_var": 0.0216
          },
          "tfidf_pca_5d": {
            "mean_D": 0.4226,
            "std_D": 0.163,
            "D_matrix": [
              [
                1.0,
                0.44036721779791643,
                0.627643978689816,
                0.18482588259294597,
                0.39387846324622877
              ],
              [
                0.44036721779791643,
                1.0,
                0.6715433780398999,
                0.30838369095880913,
                0.4109944568566639
              ],
              [
                0.627643978689816,
                0.6715433780398999,
                1.0,
                0.3531964968303922,
                0.6251698942680728
              ],
              [
                0.18482588259294597,
                0.30838369095880913,
                0.3531964968303922,
                1.0,
                0.2104248670635882
              ],
              [
                0.39387846324622877,
                0.4109944568566639,
                0.6251698942680728,
                0.2104248670635882,
                1.0
              ]
            ],
            "explained_var": 0.0461
          },
          "embed_pca_2d": {
            "mean_D": 0.4673,
            "std_D": 0.1825,
            "D_matrix": [
              [
                1.0,
                0.26420595126593005,
                0.48169321278409194,
                0.13629849648602388,
                0.39421820393808726
              ],
              [
                0.26420595126593005,
                1.0,
                0.6957684560612007,
                0.5142529635463989,
                0.6724705170866868
              ],
              [
                0.48169321278409194,
                0.6957684560612007,
                1.0,
                0.4166613999197559,
                0.7283254879290771
              ],
              [
                0.13629849648602388,
                0.5142529635463989,
                0.4166613999197559,
                1.0,
                0.36930928614760217
              ],
              [
                0.39421820393808726,
                0.6724705170866868,
                0.7283254879290771,
                0.36930928614760217,
                1.0
              ]
            ],
            "explained_var": 0.1228
          },
          "embed_pca_5d": {
            "mean_D": 0.1979,
            "std_D": 0.1323,
            "D_matrix": [
              [
                1.0,
                0.05551963384702896,
                0.3575785256903128,
                0.027962681659110977,
                0.13888263238289655
              ],
              [
                0.05551963384702896,
                1.0,
                0.36050373576997086,
                0.19841173329659234,
                0.07370444058115244
              ],
              [
                0.3575785256903128,
                0.36050373576997086,
                1.0,
                0.24761026266693253,
                0.40922037058540206
              ],
              [
                0.027962681659110977,
                0.19841173329659234,
                0.24761026266693253,
                1.0,
                0.10919362225680951
              ],
              [
                0.13888263238289655,
                0.07370444058115244,
                0.40922037058540206,
                0.10919362225680951,
                1.0
              ]
            ],
            "explained_var": 0.2207
          },
          "llm_pca_2d": {
            "mean_D": 0.4242,
            "std_D": 0.1394,
            "D_matrix": [
              [
                1.0,
                0.36777072678662825,
                0.5929473302938315,
                0.19918769774718337,
                0.3428349960970105
              ],
              [
                0.36777072678662825,
                1.0,
                0.6420562479589528,
                0.4906874370142389,
                0.5194532761655106
              ],
              [
                0.5929473302938315,
                0.6420562479589528,
                1.0,
                0.32123194636882313,
                0.5059113232405367
              ],
              [
                0.19918769774718337,
                0.4906874370142389,
                0.32123194636882313,
                1.0,
                0.2594754278403115
              ],
              [
                0.3428349960970105,
                0.5194532761655106,
                0.5059113232405367,
                0.2594754278403115,
                1.0
              ]
            ],
            "explained_var": 0.7449
          },
          "llm_pca_5d": {
            "mean_D": 0.9119,
            "std_D": 0.0679,
            "D_matrix": [
              [
                1.0,
                0.9718979410421149,
                0.9865158839875763,
                0.859295444377858,
                0.9683972815860572
              ],
              [
                0.9718979410421149,
                1.0,
                0.9862932602316529,
                0.811476119732451,
                0.8987071969903635
              ],
              [
                0.9865158839875763,
                0.9862932602316529,
                1.0,
                0.8974055016962654,
                0.9446753472180841
              ],
              [
                0.859295444377858,
                0.811476119732451,
                0.8974055016962654,
                1.0,
                0.7942410312430963
              ],
              [
                0.9683972815860572,
                0.8987071969903635,
                0.9446753472180841,
                0.7942410312430963,
                1.0
              ]
            ],
            "explained_var": 1.0
          },
          "D_gap_pca_2d": [
            [
              0.0,
              0.32971118527864296,
              0.14067179006607,
              0.28838342783869764,
              0.10590035954868549
            ],
            [
              0.32971118527864296,
              0.0,
              0.07979216679719048,
              0.027168286310575662,
              0.1530172409211762
            ],
            [
              0.14067179006607,
              0.07979216679719048,
              0.0,
              0.3206199798223427,
              0.25935238592495446
            ],
            [
              0.28838342783869764,
              0.027168286310575662,
              0.3206199798223427,
              0.0,
              0.39809686893405516
            ],
            [
              0.10590035954868549,
              0.1530172409211762,
              0.25935238592495446,
              0.39809686893405516,
              0.0
            ]
          ],
          "D_gap_pca_5d": [
            [
              0.0,
              0.916378307195086,
              0.6289373582972635,
              0.831332762718747,
              0.8295146492031606
            ],
            [
              0.916378307195086,
              0.0,
              0.625789524461682,
              0.6130643864358587,
              0.8250027564092111
            ],
            [
              0.6289373582972635,
              0.625789524461682,
              0.0,
              0.6497952390293329,
              0.535454976632682
            ],
            [
              0.831332762718747,
              0.6130643864358587,
              0.6497952390293329,
              0.0,
              0.6850474089862868
            ],
            [
              0.8295146492031606,
              0.8250027564092111,
              0.535454976632682,
              0.6850474089862868,
              0.0
            ]
          ]
        },
        "per_class_analysis": {
          "per_class_crnd": {
            "Cardiovascular_diseases": {
              "mean": 0.8893776656934552,
              "median": 0.8991228070175439,
              "std": 0.0645915694600642,
              "n": 74
            },
            "Digestive_system_diseases": {
              "mean": 0.9215410635689274,
              "median": 0.9166666666666666,
              "std": 0.032381929126513866,
              "n": 26
            },
            "General_pathological_conditions": {
              "mean": 0.9189007131847328,
              "median": 0.9259259259259259,
              "std": 0.04837726829554079,
              "n": 107
            },
            "Neoplasms": {
              "mean": 0.907801629351115,
              "median": 0.9166666666666666,
              "std": 0.04297838629627467,
              "n": 62
            },
            "Nervous_system_diseases": {
              "mean": 0.9213816198486126,
              "median": 0.9411764705882353,
              "std": 0.04712996190746923,
              "n": 31
            }
          },
          "kruskal_wallis": {
            "H_statistic": 14.63553244054381,
            "p_value": 0.005520027236110953
          },
          "pairwise_tests": {
            "Cardiovascular_diseases_vs_Digestive_system_diseases": 0.2411209752790819,
            "Cardiovascular_diseases_vs_General_pathological_conditions": 0.01803337362651237,
            "Cardiovascular_diseases_vs_Neoplasms": 1.0,
            "Cardiovascular_diseases_vs_Nervous_system_diseases": 0.16748862446239687,
            "Digestive_system_diseases_vs_General_pathological_conditions": 1.0,
            "Digestive_system_diseases_vs_Neoplasms": 1.0,
            "Digestive_system_diseases_vs_Nervous_system_diseases": 1.0,
            "General_pathological_conditions_vs_Neoplasms": 0.43132994142740433,
            "General_pathological_conditions_vs_Nervous_system_diseases": 1.0,
            "Neoplasms_vs_Nervous_system_diseases": 0.5643540363890778
          },
          "cohens_d_matrix": [
            [
              0.0,
              -0.6236358726654812,
              -0.5142552521148162,
              -0.33342389620755014,
              -0.5603316089575558
            ],
            [
              0.6236358726654812,
              0.0,
              0.06354480352258937,
              0.3566606087903469,
              0.0038751747959669945
            ],
            [
              0.5142552521148162,
              -0.06354480352258937,
              0.0,
              0.24106062959106422,
              -0.05140898668748522
            ],
            [
              0.33342389620755014,
              -0.3566606087903469,
              -0.24106062959106422,
              0.0,
              -0.29730761488690505
            ],
            [
              0.5603316089575558,
              -0.0038751747959669945,
              0.05140898668748522,
              0.29730761488690505,
              0.0
            ]
          ],
          "class_names": [
            "Cardiovascular_diseases",
            "Digestive_system_diseases",
            "General_pathological_conditions",
            "Neoplasms",
            "Nervous_system_diseases"
          ]
        },
        "noise_detection": {
          "0.05": {
            "crnd": {
              "roc_auc_mean": 0.4673684210526316,
              "roc_auc_std": 0.059120772828034795,
              "spearman_rho_mean": -0.02468902531440727,
              "spearman_rho_std": 0.04473072722937866,
              "precision_at_k_mean": 0.044444444444444446,
              "precision_at_k_std": 0.03142696805273545
            },
            "kdn_tfidf": {
              "roc_auc_mean": 0.8200779727095516,
              "roc_auc_std": 0.03601241995557501,
              "spearman_rho_mean": 0.24370666189458898,
              "spearman_rho_std": 0.027485086139930136,
              "precision_at_k_mean": 0.22222222222222224,
              "precision_at_k_std": 0.08314794192830981
            },
            "kdn_embed": {
              "roc_auc_mean": 0.8536842105263158,
              "roc_auc_std": 0.042170298484858586,
              "spearman_rho_mean": 0.2691158549967831,
              "spearman_rho_std": 0.032273157738417685,
              "precision_at_k_mean": 0.4222222222222222,
              "precision_at_k_std": 0.03142696805273544
            },
            "kdn_llm": {
              "roc_auc_mean": 0.7652241715399611,
              "roc_auc_std": 0.061322351143953756,
              "spearman_rho_mean": 0.2043079340786337,
              "spearman_rho_std": 0.04715799305139991,
              "precision_at_k_mean": 0.13333333333333333,
              "precision_at_k_std": 0.09428090415820634
            },
            "kdn_avg": {
              "roc_auc_mean": 0.86682261208577,
              "roc_auc_std": 0.048017484944050275,
              "spearman_rho_mean": 0.27734786044312404,
              "spearman_rho_std": 0.03635169662114045,
              "precision_at_k_mean": 0.4222222222222222,
              "precision_at_k_std": 0.08314794192830981
            },
            "cleanlab_tfidf": {
              "roc_auc_mean": 0.7998440545808966,
              "roc_auc_std": 0.038206945934943726,
              "spearman_rho_mean": 0.2263785545107353,
              "spearman_rho_std": 0.028845771863349884,
              "precision_at_k_mean": 0.24444444444444446,
              "precision_at_k_std": 0.11331154474650633
            },
            "cleanlab_embed": {
              "roc_auc_mean": 0.9079142300194931,
              "roc_auc_std": 0.03558034087049054,
              "spearman_rho_mean": 0.30797020099412603,
              "spearman_rho_std": 0.0268627175100041,
              "precision_at_k_mean": 0.5555555555555555,
              "precision_at_k_std": 0.06285393610547088
            },
            "cleanlab_llm": {
              "roc_auc_mean": 0.8000779727095516,
              "roc_auc_std": 0.05681420900220879,
              "spearman_rho_mean": 0.22699258577861917,
              "spearman_rho_std": 0.042963706542828904,
              "precision_at_k_mean": 0.24444444444444446,
              "precision_at_k_std": 0.06285393610547088
            },
            "cleanlab_avg": {
              "roc_auc_mean": 0.8717348927875244,
              "roc_auc_std": 0.04479611900138093,
              "spearman_rho_mean": 0.28065524863605007,
              "spearman_rho_std": 0.033820516072589124,
              "precision_at_k_mean": 0.4444444444444445,
              "precision_at_k_std": 0.06285393610547088
            },
            "knn_entropy_tfidf": {
              "roc_auc_mean": 0.5325146198830409,
              "roc_auc_std": 0.05246401743704057,
              "spearman_rho_mean": 0.024568724254090433,
              "spearman_rho_std": 0.03964374590740085,
              "precision_at_k_mean": 0.08888888888888889,
              "precision_at_k_std": 0.03142696805273545
            },
            "knn_entropy_embed": {
              "roc_auc_mean": 0.4924756335282652,
              "roc_auc_std": 0.02393317672121266,
              "spearman_rho_mean": -0.0056863638101462,
              "spearman_rho_std": 0.018093663878672395,
              "precision_at_k_mean": 0.06666666666666667,
              "precision_at_k_std": 0.05443310539518174
            },
            "knn_entropy_llm": {
              "roc_auc_mean": 0.45664717348927875,
              "roc_auc_std": 0.017648636655032066,
              "spearman_rho_mean": -0.04082837344641532,
              "spearman_rho_std": 0.016823580544524867,
              "precision_at_k_mean": 0.044444444444444446,
              "precision_at_k_std": 0.03142696805273545
            },
            "random": {
              "roc_auc_mean": 0.46479532163742693,
              "roc_auc_std": 0.054908844895802895,
              "spearman_rho_mean": -0.0265790969604985,
              "spearman_rho_std": 0.04145549910849548,
              "precision_at_k_mean": 0.06666666666666667,
              "precision_at_k_std": 0.05443310539518174
            }
          },
          "0.1": {
            "crnd": {
              "roc_auc_mean": 0.48191358024691366,
              "roc_auc_std": 0.09024620987942927,
              "spearman_rho_mean": -0.018836183478784654,
              "spearman_rho_std": 0.09398732257464903,
              "precision_at_k_mean": 0.13333333333333333,
              "precision_at_k_std": 0.07200822998230956
            },
            "kdn_tfidf": {
              "roc_auc_mean": 0.7713168724279836,
              "roc_auc_std": 0.013771320718489131,
              "spearman_rho_mean": 0.284577632719354,
              "spearman_rho_std": 0.014588370175877333,
              "precision_at_k_mean": 0.2888888888888889,
              "precision_at_k_std": 0.01571348402636772
            },
            "kdn_embed": {
              "roc_auc_mean": 0.8471810699588477,
              "roc_auc_std": 0.02584016450891166,
              "spearman_rho_mean": 0.3636609055897854,
              "spearman_rho_std": 0.02728778586795365,
              "precision_at_k_mean": 0.4777777777777778,
              "precision_at_k_std": 0.03142696805273544
            },
            "kdn_llm": {
              "roc_auc_mean": 0.7497736625514403,
              "roc_auc_std": 0.04859914173192831,
              "spearman_rho_mean": 0.2647806630964363,
              "spearman_rho_std": 0.05111717908783719,
              "precision_at_k_mean": 0.2111111111111111,
              "precision_at_k_std": 0.031426968052735454
            },
            "kdn_avg": {
              "roc_auc_mean": 0.8502057613168725,
              "roc_auc_std": 0.035664603770869795,
              "spearman_rho_mean": 0.3644032324975632,
              "spearman_rho_std": 0.0371672157266547,
              "precision_at_k_mean": 0.4777777777777778,
              "precision_at_k_std": 0.03142696805273544
            },
            "cleanlab_tfidf": {
              "roc_auc_mean": 0.7794650205761317,
              "roc_auc_std": 0.034437486698384985,
              "spearman_rho_mean": 0.2904301822511795,
              "spearman_rho_std": 0.03578868481452713,
              "precision_at_k_mean": 0.2888888888888889,
              "precision_at_k_std": 0.08314794192830982
            },
            "cleanlab_embed": {
              "roc_auc_mean": 0.8927572016460905,
              "roc_auc_std": 0.013472951873418093,
              "spearman_rho_mean": 0.4081675245774197,
              "spearman_rho_std": 0.014001580090386446,
              "precision_at_k_mean": 0.5888888888888889,
              "precision_at_k_std": 0.05665577237325315
            },
            "cleanlab_llm": {
              "roc_auc_mean": 0.7608230452674897,
              "roc_auc_std": 0.042674113353994125,
              "spearman_rho_mean": 0.27153438784650635,
              "spearman_rho_std": 0.04439609532212409,
              "precision_at_k_mean": 0.22222222222222224,
              "precision_at_k_std": 0.03142696805273544
            },
            "cleanlab_avg": {
              "roc_auc_mean": 0.8495884773662551,
              "roc_auc_std": 0.028177072232885843,
              "spearman_rho_mean": 0.36330502109023266,
              "spearman_rho_std": 0.029282635111295974,
              "precision_at_k_mean": 0.43333333333333335,
              "precision_at_k_std": 0.054433105395181744
            },
            "knn_entropy_tfidf": {
              "roc_auc_mean": 0.5219958847736624,
              "roc_auc_std": 0.022285309018554484,
              "spearman_rho_mean": 0.0228818027677745,
              "spearman_rho_std": 0.02318329534409742,
              "precision_at_k_mean": 0.12222222222222222,
              "precision_at_k_std": 0.07856742013183861
            },
            "knn_entropy_embed": {
              "roc_auc_mean": 0.5108230452674897,
              "roc_auc_std": 0.036633339433200476,
              "spearman_rho_mean": 0.011259188026854034,
              "spearman_rho_std": 0.038118780292775156,
              "precision_at_k_mean": 0.11111111111111112,
              "precision_at_k_std": 0.01571348402636772
            },
            "knn_entropy_llm": {
              "roc_auc_mean": 0.5220987654320988,
              "roc_auc_std": 0.020213826724169076,
              "spearman_rho_mean": 0.028783290916666062,
              "spearman_rho_std": 0.026555349961014628,
              "precision_at_k_mean": 0.13333333333333333,
              "precision_at_k_std": 0.08164965809277261
            },
            "random": {
              "roc_auc_mean": 0.4741975308641975,
              "roc_auc_std": 0.01890703558237072,
              "spearman_rho_mean": -0.026814861474229065,
              "spearman_rho_std": 0.019648876910237697,
              "precision_at_k_mean": 0.07777777777777778,
              "precision_at_k_std": 0.03142696805273545
            }
          },
          "0.2": {
            "crnd": {
              "roc_auc_mean": 0.48005787037037034,
              "roc_auc_std": 0.049213082732163196,
              "spearman_rho_mean": -0.02769176120643853,
              "spearman_rho_std": 0.06833758282400045,
              "precision_at_k_mean": 0.20555555555555557,
              "precision_at_k_std": 0.020786985482077455
            },
            "kdn_tfidf": {
              "roc_auc_mean": 0.7537962962962963,
              "roc_auc_std": 0.02529548775041806,
              "spearman_rho_mean": 0.35572053987614566,
              "spearman_rho_std": 0.035409519770614954,
              "precision_at_k_mean": 0.4388888888888889,
              "precision_at_k_std": 0.01571348402636772
            },
            "kdn_embed": {
              "roc_auc_mean": 0.8215509259259259,
              "roc_auc_std": 0.028103019722208827,
              "spearman_rho_mean": 0.4499173211181227,
              "spearman_rho_std": 0.039590618186008446,
              "precision_at_k_mean": 0.5666666666666668,
              "precision_at_k_std": 0.036004114991154794
            },
            "kdn_llm": {
              "roc_auc_mean": 0.7146759259259259,
              "roc_auc_std": 0.011370996182560867,
              "spearman_rho_mean": 0.30397063076308234,
              "spearman_rho_std": 0.01629397755710707,
              "precision_at_k_mean": 0.3833333333333333,
              "precision_at_k_std": 0.036004114991154794
            },
            "kdn_avg": {
              "roc_auc_mean": 0.8292592592592593,
              "roc_auc_std": 0.009559918949749923,
              "spearman_rho_mean": 0.4568937392853318,
              "spearman_rho_std": 0.013251104071946082,
              "precision_at_k_mean": 0.6000000000000001,
              "precision_at_k_std": 0.062360956446232366
            },
            "cleanlab_tfidf": {
              "roc_auc_mean": 0.7628935185185185,
              "roc_auc_std": 0.043525597828447164,
              "spearman_rho_mean": 0.3642779686158128,
              "spearman_rho_std": 0.060311172557944666,
              "precision_at_k_mean": 0.4277777777777778,
              "precision_at_k_std": 0.05499719409228704
            },
            "cleanlab_embed": {
              "roc_auc_mean": 0.8726388888888889,
              "roc_auc_std": 0.034346298343148195,
              "spearman_rho_mean": 0.5163464593446644,
              "spearman_rho_std": 0.04759189142593238,
              "precision_at_k_mean": 0.6444444444444445,
              "precision_at_k_std": 0.05152010275275391
            },
            "cleanlab_llm": {
              "roc_auc_mean": 0.7589699074074074,
              "roc_auc_std": 0.021593636814849715,
              "spearman_rho_mean": 0.35940518551112294,
              "spearman_rho_std": 0.02995241088138619,
              "precision_at_k_mean": 0.4444444444444445,
              "precision_at_k_std": 0.0415739709641549
            },
            "cleanlab_avg": {
              "roc_auc_mean": 0.840787037037037,
              "roc_auc_std": 0.031474110656734625,
              "spearman_rho_mean": 0.4722109935688999,
              "spearman_rho_std": 0.04361204931424338,
              "precision_at_k_mean": 0.5833333333333334,
              "precision_at_k_std": 0.03600411499115479
            },
            "knn_entropy_tfidf": {
              "roc_auc_mean": 0.5198726851851853,
              "roc_auc_std": 0.011653167252426752,
              "spearman_rho_mean": 0.027566996415869165,
              "spearman_rho_std": 0.016163132533840847,
              "precision_at_k_mean": 0.20555555555555557,
              "precision_at_k_std": 0.03424674446093876
            },
            "knn_entropy_embed": {
              "roc_auc_mean": 0.5089699074074073,
              "roc_auc_std": 0.0374187899520823,
              "spearman_rho_mean": 0.012435981768511154,
              "spearman_rho_std": 0.051919537020613624,
              "precision_at_k_mean": 0.2111111111111111,
              "precision_at_k_std": 0.05152010275275391
            },
            "knn_entropy_llm": {
              "roc_auc_mean": 0.5322685185185184,
              "roc_auc_std": 0.04811888132945116,
              "spearman_rho_mean": 0.05459686024866714,
              "spearman_rho_std": 0.08142405496737365,
              "precision_at_k_mean": 0.24444444444444444,
              "precision_at_k_std": 0.05499719409228703
            },
            "random": {
              "roc_auc_mean": 0.5299537037037038,
              "roc_auc_std": 0.04340632701537543,
              "spearman_rho_mean": 0.041505299937383264,
              "spearman_rho_std": 0.060145905153309455,
              "precision_at_k_mean": 0.20555555555555557,
              "precision_at_k_std": 0.056655772373253165
            }
          }
        }
      },
      "mimic_iv_ed_demo": {
        "dataset_info": {
          "n": 207,
          "n_classes": 4,
          "class_distribution": {
            "ESI-2": 97,
            "ESI-1": 18,
            "ESI-4": 2,
            "ESI-3": 90
          },
          "class_names": [
            "ESI-1",
            "ESI-2",
            "ESI-3",
            "ESI-4"
          ]
        },
        "feature_space_info": {
          "tfidf": {
            "shape": [
              207,
              553
            ]
          },
          "embed": {
            "shape": [
              207,
              384
            ]
          },
          "llm": {
            "shape": [
              207,
              4
            ]
          }
        },
        "crnd_summary": {
          "k5": {
            "mean": 0.9422,
            "median": 0.963,
            "std": 0.0561,
            "min": 0.7037,
            "max": 1.0
          },
          "k10": {
            "mean": 0.9364,
            "median": 0.9412,
            "std": 0.0394,
            "min": 0.8026,
            "max": 1.0
          },
          "k20": {
            "mean": 0.9042,
            "median": 0.9084,
            "std": 0.0477,
            "min": 0.6632,
            "max": 0.9825
          }
        },
        "niche_overlap_summary": {
          "tfidf_pca_2d": {
            "mean_D": 0.6519,
            "std_D": 0.1474,
            "D_matrix": [
              [
                1.0,
                0.5893300864125542,
                0.5109111833158063,
                null
              ],
              [
                0.5893300864125542,
                1.0,
                0.8553773860809353,
                null
              ],
              [
                0.5109111833158063,
                0.8553773860809353,
                1.0,
                null
              ],
              [
                null,
                null,
                null,
                1.0
              ]
            ],
            "explained_var": 0.0491
          },
          "tfidf_pca_5d": {
            "mean_D": 0.4355,
            "std_D": 0.182,
            "D_matrix": [
              [
                1.0,
                0.3552805780292807,
                0.2637617664639399,
                null
              ],
              [
                0.3552805780292807,
                1.0,
                0.6873381453729317,
                null
              ],
              [
                0.2637617664639399,
                0.6873381453729317,
                1.0,
                null
              ],
              [
                null,
                null,
                null,
                1.0
              ]
            ],
            "explained_var": 0.1132
          },
          "embed_pca_2d": {
            "mean_D": 0.5939,
            "std_D": 0.1119,
            "D_matrix": [
              [
                1.0,
                0.7201757662055672,
                0.4481449768677742,
                null
              ],
              [
                0.7201757662055672,
                1.0,
                0.6132862969512695,
                null
              ],
              [
                0.4481449768677742,
                0.6132862969512695,
                1.0,
                null
              ],
              [
                null,
                null,
                null,
                1.0
              ]
            ],
            "explained_var": 0.1627
          },
          "embed_pca_5d": {
            "mean_D": 0.4195,
            "std_D": 0.1523,
            "D_matrix": [
              [
                1.0,
                0.4235916027078751,
                0.2310012100525759,
                null
              ],
              [
                0.4235916027078751,
                1.0,
                0.6040388857893961,
                null
              ],
              [
                0.2310012100525759,
                0.6040388857893961,
                1.0,
                null
              ],
              [
                null,
                null,
                null,
                1.0
              ]
            ],
            "explained_var": 0.3334
          },
          "llm_pca_2d": {
            "mean_D": null,
            "std_D": null,
            "D_matrix": [
              [
                1.0,
                null,
                null,
                null
              ],
              [
                null,
                1.0,
                null,
                null
              ],
              [
                null,
                null,
                1.0,
                null
              ],
              [
                null,
                null,
                null,
                1.0
              ]
            ],
            "explained_var": 1.0
          },
          "llm_pca_5d": {
            "mean_D": 0.9998,
            "std_D": 0.0002,
            "D_matrix": [
              [
                1.0,
                0.9999999999999997,
                0.9994901716065797,
                null
              ],
              [
                0.9999999999999997,
                1.0,
                0.9999032455237592,
                null
              ],
              [
                0.9994901716065797,
                0.9999032455237592,
                1.0,
                null
              ],
              [
                null,
                null,
                null,
                1.0
              ]
            ],
            "explained_var": 1.0
          },
          "D_gap_pca_2d": [
            [
              0.0,
              0.13084567979301298,
              0.0627662064480321,
              null
            ],
            [
              0.13084567979301298,
              0.0,
              0.24209108912966582,
              null
            ],
            [
              0.0627662064480321,
              0.24209108912966582,
              0.0,
              null
            ],
            [
              null,
              null,
              null,
              0.0
            ]
          ],
          "D_gap_pca_5d": [
            [
              0.0,
              0.644719421970719,
              0.7684889615540038,
              null
            ],
            [
              0.644719421970719,
              0.0,
              0.39586435973436307,
              null
            ],
            [
              0.7684889615540038,
              0.39586435973436307,
              0.0,
              null
            ],
            [
              null,
              null,
              null,
              0.0
            ]
          ]
        },
        "per_class_analysis": {
          "per_class_crnd": {
            "ESI-1": {
              "mean": 0.9272152330717862,
              "median": 0.9411764705882353,
              "std": 0.034990172875817765,
              "n": 18
            },
            "ESI-2": {
              "mean": 0.9370921998750669,
              "median": 0.9454191033138402,
              "std": 0.04215973102607103,
              "n": 97
            },
            "ESI-3": {
              "mean": 0.9370698896842689,
              "median": 0.9411764705882353,
              "std": 0.03651721877219439,
              "n": 90
            },
            "ESI-4": {
              "mean": 0.9541910331384016,
              "median": 0.9541910331384016,
              "std": 0.04580896686159841,
              "n": 2
            }
          },
          "kruskal_wallis": {
            "H_statistic": 2.1020017383044225,
            "p_value": 0.5515079042107776
          },
          "pairwise_tests": {
            "ESI-1_vs_ESI-2": 0.9157633360796804,
            "ESI-1_vs_ESI-3": 1.0,
            "ESI-1_vs_ESI-4": 1.0,
            "ESI-2_vs_ESI-3": 1.0,
            "ESI-2_vs_ESI-4": 1.0,
            "ESI-3_vs_ESI-4": 1.0
          },
          "cohens_d_matrix": [
            [
              0.0,
              -0.25118782667407347,
              -0.27099317089582087,
              -0.5147241123276722
            ],
            [
              0.25118782667407347,
              0.0,
              0.0005626600013595657,
              -0.312365926419937
            ],
            [
              0.27099317089582087,
              -0.0005626600013595657,
              0.0,
              -0.325147785752505
            ],
            [
              0.5147241123276722,
              0.312365926419937,
              0.325147785752505,
              0.0
            ]
          ],
          "class_names": [
            "ESI-1",
            "ESI-2",
            "ESI-3",
            "ESI-4"
          ]
        },
        "noise_detection": {
          "0.05": {
            "crnd": {
              "roc_auc_mean": 0.5241116751269036,
              "roc_auc_std": 0.05171731114199837,
              "spearman_rho_mean": 0.01796712527764289,
              "spearman_rho_std": 0.03853782051311388,
              "precision_at_k_mean": 0.06666666666666667,
              "precision_at_k_std": 0.047140452079103175
            },
            "kdn_tfidf": {
              "roc_auc_mean": 0.8518612521150591,
              "roc_auc_std": 0.09493660015033467,
              "spearman_rho_mean": 0.26436359244208457,
              "spearman_rho_std": 0.07140670171503687,
              "precision_at_k_mean": 0.5,
              "precision_at_k_std": 0.14142135623730948
            },
            "kdn_embed": {
              "roc_auc_mean": 0.8690355329949239,
              "roc_auc_std": 0.05512388084435917,
              "spearman_rho_mean": 0.2761983937063843,
              "spearman_rho_std": 0.041162823859846494,
              "precision_at_k_mean": 0.43333333333333335,
              "precision_at_k_std": 0.18856180831641264
            },
            "kdn_llm": {
              "roc_auc_mean": 0.5994077834179358,
              "roc_auc_std": 0.060937084252120494,
              "spearman_rho_mean": 0.08507469610879016,
              "spearman_rho_std": 0.052934643507460896,
              "precision_at_k_mean": 0.03333333333333333,
              "precision_at_k_std": 0.047140452079103175
            },
            "kdn_avg": {
              "roc_auc_mean": 0.871912013536379,
              "roc_auc_std": 0.0686591878452723,
              "spearman_rho_mean": 0.2765527664632484,
              "spearman_rho_std": 0.051053507307869846,
              "precision_at_k_mean": 0.43333333333333335,
              "precision_at_k_std": 0.04714045207910316
            },
            "cleanlab_tfidf": {
              "roc_auc_mean": 0.8676818950930626,
              "roc_auc_std": 0.08380435821530623,
              "spearman_rho_mean": 0.2731056619332978,
              "spearman_rho_std": 0.06224795136429945,
