{
  "metadata": {
    "method_name": "CRND_NicheOverlap",
    "description": "Cross-Representation Neighborhood Dissonance with Ecological Niche Overlap. Computes per-instance CRND scores from cross-space k-NN neighborhood disagreement across TF-IDF, sentence-transformer, and LLM zero-shot feature spaces.",
    "baseline_name": "SingleSpace_kNN_LabelEntropy",
    "baseline_description": "k-NN label entropy in TF-IDF space only. Higher entropy = more class-ambiguous neighborhood. Does not use cross-representation information.",
    "feature_spaces": [
      "tfidf",
      "sentence_transformer",
      "llm_zeroshot"
    ],
    "k_values": [
      10,
      20
    ],
    "noise_rates": [
      0.05,
      0.1,
      0.2
    ],
    "n_noise_seeds": 10,
    "pca_dims_tested": [
      2,
      5
    ],
    "schoeners_d_matrices": {
      "medical_abstracts": {
        "tfidf_2d": [
          [
            1.0,
            0.5560631708233565,
            0.5947417361737445,
            0.3658300891764158,
            0.5539140498643832
          ],
          [
            0.5560631708233565,
            1.0,
            0.8419013521609962,
            0.6140204304229777,
            0.8155216139282544
          ],
          [
            0.5947417361737445,
            0.8419013521609962,
            1.0,
            0.6525247018665633,
            0.8310856555050462
          ],
          [
            0.3658300891764158,
            0.6140204304229777,
            0.6525247018665633,
            1.0,
            0.6196351836516191
          ],
          [
            0.5539140498643832,
            0.8155216139282544,
            0.8310856555050462,
            0.6196351836516191,
            1.0
          ]
        ],
        "tfidf_5d": [
          [
            1.0,
            0.27789902438627934,
            0.4587656498778444,
            0.1872549102152693,
            0.32747864192394815
          ],
          [
            0.27789902438627934,
            1.0,
            0.5162344743123125,
            0.40316438664994125,
            0.5236314351182856
          ],
          [
            0.4587656498778444,
            0.5162344743123125,
            1.0,
            0.41963821154987513,
            0.5875038263746801
          ],
          [
            0.1872549102152693,
            0.40316438664994125,
            0.41963821154987513,
            1.0,
            0.33964046249719704
          ],
          [
            0.32747864192394815,
            0.5236314351182856,
            0.5875038263746801,
            0.33964046249719704,
            1.0
          ]
        ],
        "sentence_transformer_2d": [
          [
            1.0,
            0.32147456384541984,
            0.5202916165956456,
            0.14600462842181494,
            0.44943771014661027
          ],
          [
            0.32147456384541984,
            1.0,
            0.7730620147575387,
            0.5294700957671589,
            0.8061984820867629
          ],
          [
            0.5202916165956456,
            0.7730620147575387,
            1.0,
            0.4596473081224062,
            0.8079101482584348
          ],
          [
            0.14600462842181494,
            0.5294700957671589,
            0.4596473081224062,
            1.0,
            0.42091641713324135
          ],
          [
            0.44943771014661027,
            0.8061984820867629,
            0.8079101482584348,
            0.42091641713324135,
            1.0
          ]
        ],
        "sentence_transformer_5d": [
          [
            1.0,
            0.1354493012365403,
            0.36630869191791127,
            0.09279242319950409,
            0.23326681362350643
          ],
          [
            0.1354493012365403,
            1.0,
            0.38776979193905103,
            0.20938766692299815,
            0.15688849194085963
          ],
          [
            0.36630869191791127,
            0.38776979193905103,
            1.0,
            0.29440616500370287,
            0.4356963665342731
          ],
          [
            0.09279242319950409,
            0.20938766692299815,
            0.29440616500370287,
            1.0,
            0.1853693239475812
          ],
          [
            0.23326681362350643,
            0.15688849194085963,
            0.4356963665342731,
            0.1853693239475812,
            1.0
          ]
        ],
        "llm_zeroshot_2d": [
          [
            1.0,
            0.21215328925815213,
            0.3596260175698881,
            0.3232112333087629,
            0.16861648235653015
          ],
          [
            0.21215328925815213,
            1.0,
            0.5323768294933044,
            0.4568239957332052,
            0.2642679669252591
          ],
          [
            0.3596260175698881,
            0.5323768294933044,
            1.0,
            0.7002536029221493,
            0.4839056465095889
          ],
          [
            0.3232112333087629,
            0.4568239957332052,
            0.7002536029221493,
            1.0,
            0.42658573178549397
          ],
          [
            0.16861648235653015,
            0.2642679669252591,
            0.4839056465095889,
            0.42658573178549397,
            1.0
          ]
        ],
        "llm_zeroshot_5d": [
          [
            1.0,
            0.7318450410208379,
            0.7266443016380999,
            0.7235838598429416,
            0.5799342038287791
          ],
          [
            0.7318450410208379,
            1.0,
            0.9077439809992364,
            0.8524284088466297,
            0.5799324870414497
          ],
          [
            0.7266443016380999,
            0.9077439809992364,
            1.0,
            0.8656863290501278,
            0.6676773714955954
          ],
          [
            0.7235838598429416,
            0.8524284088466297,
            0.8656863290501278,
            1.0,
            0.5936545551442912
          ],
          [
            0.5799342038287791,
            0.5799324870414497,
            0.6676773714955954,
            0.5936545551442912,
            1.0
          ]
        ]
      },
      "mimic_iv_ed_demo": {
        "tfidf_2d": [
          [
            1.0,
            0.49255318809415805,
            0.3909895336209951,
            0.5108798965463643
          ],
          [
            0.49255318809415805,
            1.0,
            0.809573682884553,
            0.464573010805331
          ],
          [
            0.3909895336209951,
            0.809573682884553,
            1.0,
            0.4039575818489818
          ],
          [
            0.5108798965463643,
            0.464573010805331,
            0.4039575818489818,
            1.0
          ]
        ],
        "tfidf_5d": [
          [
            1.0,
            0.25733791750883217,
            0.19100521911924295,
            0.05357823988405985
          ],
          [
            0.25733791750883217,
            1.0,
            0.6055835413518461,
            0.1650160310651395
          ],
          [
            0.19100521911924295,
            0.6055835413518461,
            1.0,
            0.17208964905319835
          ],
          [
            0.05357823988405985,
            0.1650160310651395,
            0.17208964905319835,
            1.0
          ]
        ],
        "sentence_transformer_2d": [
          [
            1.0,
            0.7264561907298288,
            0.45787929352119194,
            0.4043053526168575
          ],
          [
            0.7264561907298288,
            1.0,
            0.6231723179411467,
            0.4662420372720436
          ],
          [
            0.45787929352119194,
            0.6231723179411467,
            1.0,
            0.6034113654426247
          ],
          [
            0.4043053526168575,
            0.4662420372720436,
            0.6034113654426247,
            1.0
          ]
        ],
        "sentence_transformer_5d": [
          [
            1.0,
            0.27897765719416623,
            0.1460952707554889,
            0.07308550633774558
          ],
          [
            0.27897765719416623,
            1.0,
            0.4843952769254485,
            0.13666612834877778
          ],
          [
            0.1460952707554889,
            0.4843952769254485,
            1.0,
            0.1524460627223716
          ],
          [
            0.07308550633774558,
            0.13666612834877778,
            0.1524460627223716,
            1.0
          ]
        ],
        "llm_zeroshot_2d": [
          [
            1.0,
            0.32207206499542473,
            0.32909942392999925,
            0.6747352231745563
          ],
          [
            0.32207206499542473,
            1.0,
            0.8485890380972836,
            0.1949759161812874
          ],
          [
            0.32909942392999925,
            0.8485890380972836,
            1.0,
            0.2053572766370676
          ],
          [
            0.6747352231745563,
            0.1949759161812874,
            0.2053572766370676,
            1.0
          ]
        ],
        "llm_zeroshot_5d": [
          [
            1.0,
            0.19264473911166446,
            0.25908567468382926,
            0.40229107240266826
          ],
          [
            0.19264473911166446,
            1.0,
            0.5311483384407198,
            0.05104379836322126
          ],
          [
            0.25908567468382926,
            0.5311483384407198,
            1.0,
            0.08829999565241531
          ],
          [
            0.40229107240266826,
            0.05104379836322126,
            0.08829999565241531,
            1.0
          ]
        ]
      },
      "clinical_patient_triage_nl": {
        "tfidf_2d": [
          [
            1.0,
            9.263065559039774e-08,
            0.0004696633344283274,
            0.004498553712977804,
            0.00033689254957880443,
            0.5
          ],
          [
            9.263065559039774e-08,
            1.0,
            0.10331415918517362,
            0.21229618070125822,
            0.2188550407121782,
            0.5
          ],
          [
            0.0004696633344283274,
            0.10331415918517362,
            1.0,
            0.21288420711257938,
            0.5486637626663783,
            0.5
          ],
          [
            0.004498553712977804,
            0.21229618070125822,
            0.21288420711257938,
            1.0,
            0.39876381891804413,
            0.4999999999999998
          ],
          [
            0.00033689254957880443,
            0.2188550407121782,
            0.5486637626663783,
            0.39876381891804413,
            1.0,
            0.5
          ],
          [
            0.5,
            0.5,
            0.5,
            0.4999999999999998,
            0.5,
            1.0
          ]
        ],
        "tfidf_5d": [
          [
            1.0,
            0.027482059238393974,
            0.05639501095104249,
            1.0,
            0.12502922355065105,
            1.0
          ],
          [
            0.027482059238393974,
            1.0,
            0.022183562709643168,
            0.027482059238393974,
            0.09264525316606864,
            0.027482059238393974
          ],
          [
            0.05639501095104249,
            0.022183562709643168,
            1.0,
            0.05639501095104249,
            0.22472246897833892,
            0.05639501095104249
          ],
          [
            1.0,
            0.027482059238393974,
            0.05639501095104249,
            1.0,
            0.12502922355065105,
            1.0
          ],
          [
            0.12502922355065105,
            0.09264525316606864,
            0.22472246897833892,
            0.12502922355065105,
            1.0,
            0.12502922355065105
          ],
          [
            1.0,
            0.027482059238393974,
            0.05639501095104249,
            1.0,
            0.12502922355065105,
            1.0
          ]
        ],
        "sentence_transformer_2d": [
          [
            1.0,
            0.1456553380953144,
            0.15459283349810038,
            0.11476900167417803,
            0.1503121673229001,
            0.061863911663988747
          ],
          [
            0.1456553380953144,
            1.0,
            0.7888631178674479,
            0.6760288303739472,
            0.8128611959718213,
            0.10993698866567836
          ],
          [
            0.15459283349810038,
            0.7888631178674479,
            1.0,
            0.7744986631536288,
            0.890275323087781,
            0.14530289937120644
          ],
          [
            0.11476900167417803,
            0.6760288303739472,
            0.7744986631536288,
            1.0,
            0.7930679493272698,
            0.1354603490299927
          ],
          [
            0.1503121673229001,
            0.8128611959718213,
            0.890275323087781,
            0.7930679493272698,
            1.0,
            0.13748813338050736
          ],
          [
            0.061863911663988747,
            0.10993698866567836,
            0.14530289937120644,
            0.1354603490299927,
            0.13748813338050736,
            1.0
          ]
        ],
        "sentence_transformer_5d": [
          [
            1.0,
            0.14992571974382984,
            0.13727528161648583,
            1.0,
            0.286730572131518,
            1.0
          ],
          [
            0.14992571974382984,
            1.0,
            0.1659064789149125,
            0.14992571974382984,
            0.1637926303980668,
            0.14992571974382984
          ],
          [
            0.13727528161648583,
            0.1659064789149125,
            1.0,
            0.13727528161648583,
            0.20567933224159796,
            0.13727528161648583
          ],
          [
            1.0,
            0.14992571974382984,
            0.13727528161648583,
            1.0,
            0.286730572131518,
            1.0
          ],
          [
            0.286730572131518,
            0.1637926303980668,
            0.20567933224159796,
            0.286730572131518,
            1.0,
            0.286730572131518
          ],
          [
            1.0,
            0.14992571974382984,
            0.13727528161648583,
            1.0,
            0.286730572131518,
            1.0
          ]
        ],
        "llm_zeroshot_2d": [
          [
            1.0,
            0.4999999999999999,
            0.4999999999999999,
            0.4999999999999998,
            0.5,
            1.0
          ],
          [
            0.4999999999999999,
            1.0,
            0.3028684635542651,
            0.6252173942698641,
            0.46387385822578997,
            0.4999999999999999
          ],
          [
            0.4999999999999999,
            0.3028684635542651,
            1.0,
            0.3493601172226546,
            0.6310173762747031,
            0.4999999999999999
          ],
          [
            0.4999999999999998,
            0.6252173942698641,
            0.3493601172226546,
            1.0,
            0.5240651802429349,
            0.4999999999999998
          ],
          [
            0.5,
            0.46387385822578997,
            0.6310173762747031,
            0.5240651802429349,
            1.0,
            0.5
          ],
          [
            1.0,
            0.4999999999999999,
            0.4999999999999999,
            0.4999999999999998,
            0.5,
            1.0
          ]
        ],
        "llm_zeroshot_5d": [
          [
            1.0,
            0.5,
            1.0,
            1.0,
            0.5,
            1.0
          ],
          [
            0.5,
            1.0,
            0.5,
            0.5,
            1.0,
            0.5
          ],
          [
            1.0,
            0.5,
            1.0,
            1.0,
            0.5,
            1.0
          ],
          [
            1.0,
            0.5,
            1.0,
            1.0,
            0.5,
            1.0
          ],
          [
            0.5,
            1.0,
            0.5,
            0.5,
            1.0,
            0.5
          ],
          [
            1.0,
            0.5,
            1.0,
            1.0,
            0.5,
            1.0
          ]
        ]
      },
      "ohsumed_single": {
        "tfidf_2d": [
          [
            1.0,
            0.8046391329634907,
            0.7852054454370451,
            0.599968094543099,
            0.31312123247406054,
            0.6685044699085976,
            0.8193848871285834,
            0.6913881812029272,
            0.750397428303144
          ],
          [
            0.8046391329634907,
            1.0,
            0.7711030920994641,
            0.5986126212788077,
            0.30338801199406285,
            0.6996416499270803,
            0.8284924037079239,
            0.7159963773032908,
            0.7050235658739163
          ],
          [
            0.7852054454370451,
            0.7711030920994641,
            1.0,
            0.5458160542305295,
            0.3230024769314138,
            0.5864013015489475,
            0.7097927704530966,
            0.7607824898511886,
            0.6610053713180405
          ],
          [
            0.599968094543099,
            0.5986126212788077,
            0.5458160542305295,
            1.0,
            0.48335018943962504,
            0.6198047928570187,
            0.6416280926444249,
            0.5264067954813128,
            0.5752050020709822
          ],
          [
            0.31312123247406054,
            0.30338801199406285,
            0.3230024769314138,
            0.48335018943962504,
            1.0,
            0.3269225760499057,
            0.3448047211767655,
            0.32824812993094565,
            0.3311038773572418
          ],
          [
            0.6685044699085976,
            0.6996416499270803,
            0.5864013015489475,
            0.6198047928570187,
            0.3269225760499057,
            1.0,
            0.7633962396324498,
            0.6019349540385932,
            0.7635343138132399
          ],
          [
            0.8193848871285834,
            0.8284924037079239,
            0.7097927704530966,
            0.6416280926444249,
            0.3448047211767655,
            0.7633962396324498,
            1.0,
            0.6913859575333187,
            0.7742191083853692
          ],
          [
            0.6913881812029272,
            0.7159963773032908,
            0.7607824898511886,
            0.5264067954813128,
            0.32824812993094565,
            0.6019349540385932,
            0.6913859575333187,
            1.0,
            0.6631712590158205
          ],
          [
            0.750397428303144,
            0.7050235658739163,
            0.6610053713180405,
            0.5752050020709822,
            0.3311038773572418,
            0.7635343138132399,
            0.7742191083853692,
            0.6631712590158205,
            1.0
          ]
        ],
        "tfidf_5d": [
          [
            1.0,
            0.511337139174904,
            0.4583026880906671,
            0.13606550120137917,
            0.014892752032214962,
            0.4378328810380878,
            0.4991116949538523,
            0.2738814236317434,
            0.408082516615491
          ],
          [
            0.511337139174904,
            1.0,
            0.39275052480962336,
            0.1767243942973965,
            0.024406106967233998,
            0.3780056670020191,
            0.5513668563812937,
            0.3314159135088781,
            0.31897210278984545
          ],
          [
            0.4583026880906671,
            0.39275052480962336,
            1.0,
            0.14196796418186064,
            0.012201857399537164,
            0.3630800381852797,
            0.362658093605961,
            0.36506051796435446,
            0.3237504836957572
          ],
          [
            0.13606550120137917,
            0.1767243942973965,
            0.14196796418186064,
            1.0,
            0.09792265336932016,
            0.1668367382197059,
            0.25033277427879375,
            0.2589453653804996,
            0.18429314561911547
          ],
          [
            0.014892752032214962,
            0.024406106967233998,
            0.012201857399537164,
            0.09792265336932016,
            1.0,
            0.014518178233535961,
            0.03509244337897255,
            0.019545725649980028,
            0.015353494885616437
          ],
          [
            0.4378328810380878,
            0.3780056670020191,
            0.3630800381852797,
            0.1668367382197059,
            0.014518178233535961,
            1.0,
            0.41526033221267966,
            0.3110277189130767,
            0.3610805125693445
          ],
          [
            0.4991116949538523,
            0.5513668563812937,
            0.362658093605961,
            0.25033277427879375,
            0.03509244337897255,
            0.41526033221267966,
            1.0,
            0.30667931506220614,
            0.3726768086797133
          ],
          [
            0.2738814236317434,
            0.3314159135088781,
            0.36506051796435446,
            0.2589453653804996,
            0.019545725649980028,
            0.3110277189130767,
            0.30667931506220614,
            1.0,
            0.32824160236353617
          ],
          [
            0.408082516615491,
            0.31897210278984545,
            0.3237504836957572,
            0.18429314561911547,
            0.015353494885616437,
            0.3610805125693445,
            0.3726768086797133,
            0.32824160236353617,
            1.0
          ]
        ],
        "sentence_transformer_2d": [
          [
            1.0,
            0.5279486795612007,
            0.35077318952801884,
            0.09091873404752449,
            0.30012591264513966,
            0.5838679258443015,
            0.6795714817280696,
            0.3351047990357361,
            0.5002872671529759
          ],
          [
            0.5279486795612007,
            1.0,
            0.4635312916250959,
            0.1232104327344139,
            0.3647271083637207,
            0.41022589091326334,
            0.6937697416962634,
            0.5057799853285143,
            0.33140167725845693
          ],
          [
            0.35077318952801884,
            0.4635312916250959,
            1.0,
            0.23853863347628268,
            0.3359114435596847,
            0.4431638035389164,
            0.4630388012988369,
            0.753924258514088,
            0.37114143709897396
          ],
          [
            0.09091873404752449,
            0.1232104327344139,
            0.23853863347628268,
            1.0,
            0.4487758511074007,
            0.16977282774574853,
            0.24914092546370847,
            0.3795886645278005,
            0.20144922422371947
          ],
          [
            0.30012591264513966,
            0.3647271083637207,
            0.3359114435596847,
            0.4487758511074007,
            1.0,
            0.3027619097394212,
            0.4797018961855388,
            0.47244083226220634,
            0.2535679648576682
          ],
          [
            0.5838679258443015,
            0.41022589091326334,
            0.4431638035389164,
            0.16977282774574853,
            0.3027619097394212,
            1.0,
            0.49343371798281876,
            0.4156499347388305,
            0.7397867707309458
          ],
          [
            0.6795714817280696,
            0.6937697416962634,
            0.4630388012988369,
            0.24914092546370847,
            0.4797018961855388,
            0.49343371798281876,
            1.0,
            0.5145140226643905,
            0.4005635775581222
          ],
          [
            0.3351047990357361,
            0.5057799853285143,
            0.753924258514088,
            0.3795886645278005,
            0.47244083226220634,
            0.4156499347388305,
            0.5145140226643905,
            1.0,
            0.34844231656725144
          ],
          [
            0.5002872671529759,
            0.33140167725845693,
            0.37114143709897396,
            0.20144922422371947,
            0.2535679648576682,
            0.7397867707309458,
            0.4005635775581222,
            0.34844231656725144,
            1.0
          ]
        ],
        "sentence_transformer_5d": [
          [
            1.0,
            0.12248389418885175,
            0.1589881644383312,
            0.05020214270017076,
            0.0674640653606241,
            0.29809740743962243,
            0.36028977340192203,
            0.18545259408424897,
            0.29260957523759534
          ],
          [
            0.12248389418885175,
            1.0,
            0.09550582742913694,
            0.09553334209062936,
            0.09016947686734333,
            0.07047118943380548,
            0.1337162396365208,
            0.05879545011444409,
            0.03179029920843279
          ],
          [
            0.1589881644383312,
            0.09550582742913694,
            1.0,
            0.11138011139489012,
            0.07607470381038361,
            0.0863508972726813,
            0.2536132090954749,
            0.3847639536652734,
            0.10716680805928969
          ],
          [
            0.05020214270017076,
            0.09553334209062936,
            0.11138011139489012,
            1.0,
            0.14389841478950394,
            0.05504570380941243,
            0.18831079868013678,
            0.1930357863053096,
            0.03958219121643869
          ],
          [
            0.0674640653606241,
            0.09016947686734333,
            0.07607470381038361,
            0.14389841478950394,
            1.0,
            0.0423272155499117,
            0.10981425941772305,
            0.09377182282339713,
            0.03070986776459983
          ],
          [
            0.29809740743962243,
            0.07047118943380548,
            0.0863508972726813,
            0.05504570380941243,
            0.0423272155499117,
            1.0,
            0.18071950942811754,
            0.13139413709501402,
            0.3068730334927118
          ],
          [
            0.36028977340192203,
            0.1337162396365208,
            0.2536132090954749,
            0.18831079868013678,
            0.10981425941772305,
            0.18071950942811754,
            1.0,
            0.2158492566321658,
            0.16502396580767442
          ],
          [
            0.18545259408424897,
            0.05879545011444409,
            0.3847639536652734,
            0.1930357863053096,
            0.09377182282339713,
            0.13139413709501402,
            0.2158492566321658,
            1.0,
            0.16775662719377205
          ],
          [
            0.29260957523759534,
            0.03179029920843279,
            0.10716680805928969,
            0.03958219121643869,
            0.03070986776459983,
            0.3068730334927118,
            0.16502396580767442,
            0.16775662719377205,
            1.0
          ]
        ],
        "llm_zeroshot_2d": [
          [
            1.0,
            0.44382636374941564,
            0.28119976153110493,
            0.2295714484719722,
            0.014315549240298875,
            0.19008863504090612,
            0.38306999693377697,
            0.20336157740384064,
            0.13072644021579505
          ],
          [
            0.44382636374941564,
            1.0,
            0.19338170944824207,
            0.12567244452535375,
            0.013742242565100593,
            0.11036060589735619,
            0.2078333138027738,
            0.10863760814903012,
            0.11256267837654899
          ],
          [
            0.28119976153110493,
            0.19338170944824207,
            1.0,
            0.13500803199355138,
            0.01068174822980561,
            0.33049805610665284,
            0.27026946834354293,
            0.1271709302697459,
            0.09365315212763425
          ],
          [
            0.2295714484719722,
            0.12567244452535375,
            0.13500803199355138,
            1.0,
            0.020813899838150296,
            0.12260245806319692,
            0.34495835455834556,
            0.5219923524657462,
            0.15922619374819835
          ],
          [
            0.014315549240298875,
            0.013742242565100593,
            0.01068174822980561,
            0.020813899838150296,
            1.0,
            0.008457411188910746,
            0.006817797558653527,
            0.04774518477523315,
            0.20495182524896416
          ],
          [
            0.19008863504090612,
            0.11036060589735619,
            0.33049805610665284,
            0.12260245806319692,
            0.008457411188910746,
            1.0,
            0.2330921875728087,
            0.11730519289553731,
            0.07177552286797295
          ],
          [
            0.38306999693377697,
            0.2078333138027738,
            0.27026946834354293,
            0.34495835455834556,
            0.006817797558653527,
            0.2330921875728087,
            1.0,
            0.2698062632220981,
            0.09223707080627874
          ],
          [
            0.20336157740384064,
            0.10863760814903012,
            0.1271709302697459,
            0.5219923524657462,
            0.04774518477523315,
            0.11730519289553731,
            0.2698062632220981,
            1.0,
            0.3404061847446982
          ],
          [
            0.13072644021579505,
            0.11256267837654899,
            0.09365315212763425,
            0.15922619374819835,
            0.20495182524896416,
            0.07177552286797295,
            0.09223707080627874,
            0.3404061847446982,
            1.0
          ]
        ],
        "llm_zeroshot_5d": [
          [
            1.0,
            0.0,
            0.0,
            0.0,
            3.011054194457241e-05,
            4.596205793738761e-08,
            1.3016254740705335e-12,
            3.341771304121721e-14,
            1.1102230246251565e-16
          ],
          [
            0.0,
            1.0,
            0.0,
            0.0,
            1.0000000023713262e-05,
            0.0,
            0.0,
            1.1102230246251565e-16,
            3.459410191641865e-08
          ],
          [
            0.0,
            0.0,
            1.0,
            0.0,
            1.0050024224828036e-05,
            0.0,
            0.0,
            0.0,
            1.1102230246251565e-16
          ],
          [
            0.0,
            0.0,
            0.0,
            1.0,
            1.0000766724083121e-05,
            0.0,
            0.0,
            0.007434433426976916,
            5.129478111154384e-07
          ],
          [
            3.011054194457241e-05,
            1.0000000023713262e-05,
            1.0050024224828036e-05,
            1.0000766724083121e-05,
            1.0,
            1.000001247419835e-05,
            1.857032186747265e-05,
            4.1961543280399916e-05,
            0.00043382662489421797
          ],
          [
            4.596205793738761e-08,
            0.0,
            0.0,
            0.0,
            1.000001247419835e-05,
            1.0,
            6.591394097199554e-13,
            1.1102230246251565e-16,
            1.1102230246251565e-16
          ],
          [
            1.3016254740705335e-12,
            0.0,
            0.0,
            0.0,
            1.857032186747265e-05,
            6.591394097199554e-13,
            1.0,
            8.570321211043286e-06,
            1.1102230246251565e-16
          ],
          [
            3.341771304121721e-14,
            1.1102230246251565e-16,
            0.0,
            0.007434433426976916,
            4.1961543280399916e-05,
            1.1102230246251565e-16,
            8.570321211043286e-06,
            1.0,
            5.129478110044161e-07
          ],
          [
            1.1102230246251565e-16,
            3.459410191641865e-08,
            1.1102230246251565e-16,
            5.129478111154384e-07,
            0.00043382662489421797,
            1.1102230246251565e-16,
            1.1102230246251565e-16,
            5.129478110044161e-07,
            1.0
          ]
        ]
      },
      "mental_health_conditions": {
        "tfidf_2d": [
          [
            1.0,
            0.55773745252049,
            0.19852591596949387,
            0.1460101614901641,
            0.3320478231917735,
            0.7021356126411173,
            0.16200873590272424
          ],
          [
            0.55773745252049,
            1.0,
            0.23750951300062606,
            0.15166367200482178,
            0.535846215431147,
            0.4036251375210682,
            0.19654925565939074
          ],
          [
            0.19852591596949387,
            0.23750951300062606,
            1.0,
            0.28329853553721795,
            0.17857186961540739,
            0.1094189004763827,
            0.7566807668979838
          ],
          [
            0.1460101614901641,
            0.15166367200482178,
            0.28329853553721795,
            1.0,
            0.14702333945705448,
            0.09940697595027481,
            0.3209285921260374
          ],
          [
            0.3320478231917735,
            0.535846215431147,
            0.17857186961540739,
            0.14702333945705448,
            1.0,
            0.22028545674415234,
            0.12608053209336068
          ],
          [
            0.7021356126411173,
            0.4036251375210682,
            0.1094189004763827,
            0.09940697595027481,
            0.22028545674415234,
            1.0,
            0.08396217118273452
          ],
          [
            0.16200873590272424,
            0.19654925565939074,
            0.7566807668979838,
            0.3209285921260374,
            0.12608053209336068,
            0.08396217118273452,
            1.0
          ]
        ],
        "tfidf_5d": [
          [
            1.0,
            0.034152136304046676,
            0.01929394266364426,
            0.03498618363373884,
            0.02818738646701746,
            0.0802520179427757,
            0.01498878579428764
          ],
          [
            0.034152136304046676,
            1.0,
            0.10137545551052607,
            0.020649199690471076,
            0.03955581197247926,
            0.031836912131277706,
            0.086229485914594
          ],
          [
            0.01929394266364426,
            0.10137545551052607,
            1.0,
            0.0906301110698211,
            0.012350692118736961,
            0.0028737684916304573,
            0.31129748138536484
          ],
          [
            0.03498618363373884,
            0.020649199690471076,
            0.0906301110698211,
            1.0,
            0.004625486349621455,
            0.037277465391855946,
            0.011256831717707638
          ],
          [
            0.02818738646701746,
            0.03955581197247926,
            0.012350692118736961,
            0.004625486349621455,
            1.0,
            0.03457389728787341,
            0.010804979465918074
          ],
          [
            0.0802520179427757,
            0.031836912131277706,
            0.0028737684916304573,
            0.037277465391855946,
            0.03457389728787341,
            1.0,
            0.0005791031983483075
          ],
          [
            0.01498878579428764,
            0.086229485914594,
            0.31129748138536484,
            0.011256831717707638,
            0.010804979465918074,
            0.0005791031983483075,
            1.0
          ]
        ],
        "sentence_transformer_2d": [
          [
            1.0,
            0.424849664245574,
            0.24982690317032752,
            0.14125765022080816,
            0.4692923781739049,
            0.6206855761704334,
            0.23446320557264233
          ],
          [
            0.424849664245574,
            1.0,
            0.2597603206704614,
            0.061099616203463936,
            0.27247679378010004,
            0.6832072107039101,
            0.21284259396833893
          ],
          [
            0.24982690317032752,
            0.2597603206704614,
            1.0,
            0.26426496043350844,
            0.09720156342275921,
            0.17516415524310014,
            0.8075466349232225
          ],
          [
            0.14125765022080816,
            0.061099616203463936,
            0.26426496043350844,
            1.0,
            0.03561799269048593,
            0.06793793814397853,
            0.2753890709300507
          ],
          [
            0.4692923781739049,
            0.27247679378010004,
            0.09720156342275921,
            0.03561799269048593,
            1.0,
            0.423062877526015,
            0.07867899106466125
          ],
          [
            0.6206855761704334,
            0.6832072107039101,
            0.17516415524310014,
            0.06793793814397853,
            0.423062877526015,
            1.0,
            0.1391971925316382
          ],
          [
            0.23446320557264233,
            0.21284259396833893,
            0.8075466349232225,
            0.2753890709300507,
            0.07867899106466125,
            0.1391971925316382,
            1.0
          ]
        ],
        "sentence_transformer_5d": [
          [
            1.0,
            0.049563380379759825,
            0.08944561639386661,
            0.05155923692848685,
            0.05129871279155618,
            0.10857135314987376,
            0.05693774910756977
          ],
          [
            0.049563380379759825,
            1.0,
            0.12141582645863769,
            0.019861278751200917,
            0.0649300082686336,
            0.15216109710795767,
            0.0777470970882489
          ],
          [
            0.08944561639386661,
            0.12141582645863769,
            1.0,
            0.1325653227243916,
            0.04500950788164271,
            0.09659008548359327,
            0.5818636812667013
          ],
          [
            0.05155923692848685,
            0.019861278751200917,
            0.1325653227243916,
            1.0,
            0.006547602007019537,
            0.022150876272679865,
            0.12615203369273909
          ],
          [
            0.05129871279155618,
            0.0649300082686336,
            0.04500950788164271,
            0.006547602007019537,
            1.0,
            0.04879161728282777,
            0.036024454829309716
          ],
          [
            0.10857135314987376,
            0.15216109710795767,
            0.09659008548359327,
            0.022150876272679865,
            0.04879161728282777,
            1.0,
            0.06506125058096934
          ],
          [
            0.05693774910756977,
            0.0777470970882489,
            0.5818636812667013,
            0.12615203369273909,
            0.036024454829309716,
            0.06506125058096934,
            1.0
          ]
        ],
        "llm_zeroshot_2d": [
          [
            1.0,
            0.07639664029599813,
            0.202670885594199,
            0.2288983017299615,
            0.23656372149992444,
            0.4019616784609472,
            0.36505251540731065
          ],
          [
