{
  "metadata": {
    "method_name": "CRND_NicheOverlap",
    "description": "Cross-Representation Neighborhood Dissonance with Ecological Niche Overlap. Computes per-instance CRND scores from cross-space k-NN neighborhood disagreement across TF-IDF, sentence-transformer, and L...",
    "baseline_name": "SingleSpace_kNN_LabelEntropy",
    "baseline_description": "k-NN label entropy in TF-IDF space only. Higher entropy = more class-ambiguous neighborhood. Does not use cross-representation information.",
    "feature_spaces": [
      "tfidf",
      "sentence_transformer",
      "llm_zeroshot"
    ],
    "k_values": [
      10,
      20
    ],
    "noise_rates": [
      0.05,
      0.1,
      0.2
    ],
    "n_noise_seeds": 10,
    "pca_dims_tested": [
      2,
      5
    ],
    "schoeners_d_matrices": {
      "medical_abstracts": {
        "tfidf_2d": [
          [
            1.0,
            0.5560631708233565,
            0.5947417361737445
          ],
          [
            0.5560631708233565,
            1.0,
            0.8419013521609962
          ],
          [
            0.5947417361737445,
            0.8419013521609962,
            1.0
          ]
        ],
        "tfidf_5d": [
          [
            1.0,
            0.27789902438627934,
            0.4587656498778444
          ],
          [
            0.27789902438627934,
            1.0,
            0.5162344743123125
          ],
          [
            0.4587656498778444,
            0.5162344743123125,
            1.0
          ]
        ],
        "sentence_transformer_2d": [
          [
            1.0,
            0.32147456384541984,
            0.5202916165956456
          ],
          [
            0.32147456384541984,
            1.0,
            0.7730620147575387
          ],
          [
            0.5202916165956456,
            0.7730620147575387,
            1.0
          ]
        ],
        "sentence_transformer_5d": [
          [
            1.0,
            0.1354493012365403,
            0.36630869191791127
          ],
          [
            0.1354493012365403,
            1.0,
            0.38776979193905103
          ],
          [
            0.36630869191791127,
            0.38776979193905103,
            1.0
          ]
        ],
        "llm_zeroshot_2d": [
          [
            1.0,
            0.21215328925815213,
            0.3596260175698881
          ],
          [
            0.21215328925815213,
            1.0,
            0.5323768294933044
          ],
          [
            0.3596260175698881,
            0.5323768294933044,
            1.0
          ]
        ],
        "llm_zeroshot_5d": [
          [
            1.0,
            0.7318450410208379,
            0.7266443016380999
          ],
          [
            0.7318450410208379,
            1.0,
            0.9077439809992364
          ],
          [
            0.7266443016380999,
            0.9077439809992364,
            1.0
          ]
        ]
      },
      "mimic_iv_ed_demo": {
        "tfidf_2d": [
          [
            1.0,
            0.49255318809415805,
            0.3909895336209951
          ],
          [
            0.49255318809415805,
            1.0,
            0.809573682884553
          ],
          [
            0.3909895336209951,
            0.809573682884553,
            1.0
          ]
        ],
        "tfidf_5d": [
          [
            1.0,
            0.25733791750883217,
            0.19100521911924295
          ],
          [
            0.25733791750883217,
            1.0,
            0.6055835413518461
          ],
          [
            0.19100521911924295,
            0.6055835413518461,
            1.0
          ]
        ],
        "sentence_transformer_2d": [
          [
            1.0,
            0.7264561907298288,
            0.45787929352119194
          ],
          [
            0.7264561907298288,
            1.0,
            0.6231723179411467
          ],
          [
            0.45787929352119194,
            0.6231723179411467,
            1.0
          ]
        ],
        "sentence_transformer_5d": [
          [
            1.0,
            0.27897765719416623,
            0.1460952707554889
          ],
          [
            0.27897765719416623,
            1.0,
            0.4843952769254485
          ],
          [
            0.1460952707554889,
            0.4843952769254485,
            1.0
          ]
        ],
        "llm_zeroshot_2d": [
          [
            1.0,
            0.32207206499542473,
            0.32909942392999925
          ],
          [
            0.32207206499542473,
            1.0,
            0.8485890380972836
          ],
          [
            0.32909942392999925,
            0.8485890380972836,
            1.0
          ]
        ],
        "llm_zeroshot_5d": [
          [
            1.0,
            0.19264473911166446,
            0.25908567468382926
          ],
          [
            0.19264473911166446,
            1.0,
            0.5311483384407198
          ],
          [
            0.25908567468382926,
            0.5311483384407198,
            1.0
          ]
        ]
      },
      "clinical_patient_triage_nl": {
        "tfidf_2d": [
          [
            1.0,
            9.263065559039774e-08,
            0.0004696633344283274
          ],
          [
            9.263065559039774e-08,
            1.0,
            0.10331415918517362
          ],
          [
            0.0004696633344283274,
            0.10331415918517362,
            1.0
          ]
        ],
        "tfidf_5d": [
          [
            1.0,
            0.027482059238393974,
            0.05639501095104249
          ],
          [
            0.027482059238393974,
            1.0,
            0.022183562709643168
          ],
          [
            0.05639501095104249,
            0.022183562709643168,
            1.0
          ]
        ],
        "sentence_transformer_2d": [
          [
            1.0,
            0.1456553380953144,
            0.15459283349810038
          ],
          [
            0.1456553380953144,
            1.0,
            0.7888631178674479
          ],
          [
            0.15459283349810038,
            0.7888631178674479,
            1.0
          ]
        ],
        "sentence_transformer_5d": [
          [
            1.0,
            0.14992571974382984,
            0.13727528161648583
          ],
          [
            0.14992571974382984,
            1.0,
            0.1659064789149125
          ],
          [
            0.13727528161648583,
            0.1659064789149125,
            1.0
          ]
        ],
        "llm_zeroshot_2d": [
          [
            1.0,
            0.4999999999999999,
            0.4999999999999999
          ],
          [
            0.4999999999999999,
            1.0,
            0.3028684635542651
          ],
          [
            0.4999999999999999,
            0.3028684635542651,
            1.0
          ]
        ],
        "llm_zeroshot_5d": [
          [
            1.0,
            0.5,
            1.0
          ],
          [
            0.5,
            1.0,
            0.5
          ],
          [
            1.0,
            0.5,
            1.0
          ]
        ]
      },
      "ohsumed_single": {
        "tfidf_2d": [
          [
            1.0,
            0.8046391329634907,
            0.7852054454370451
          ],
          [
            0.8046391329634907,
            1.0,
            0.7711030920994641
          ],
          [
            0.7852054454370451,
            0.7711030920994641,
            1.0
          ]
        ],
        "tfidf_5d": [
          [
            1.0,
            0.511337139174904,
            0.4583026880906671
          ],
          [
            0.511337139174904,
            1.0,
            0.39275052480962336
          ],
          [
            0.4583026880906671,
            0.39275052480962336,
            1.0
          ]
        ],
        "sentence_transformer_2d": [
          [
            1.0,
            0.5279486795612007,
            0.35077318952801884
          ],
          [
            0.5279486795612007,
            1.0,
            0.4635312916250959
          ],
          [
            0.35077318952801884,
            0.4635312916250959,
            1.0
          ]
        ],
        "sentence_transformer_5d": [
          [
            1.0,
            0.12248389418885175,
            0.1589881644383312
          ],
          [
            0.12248389418885175,
            1.0,
            0.09550582742913694
          ],
          [
            0.1589881644383312,
            0.09550582742913694,
            1.0
          ]
        ],
        "llm_zeroshot_2d": [
          [
            1.0,
            0.44382636374941564,
            0.28119976153110493
          ],
          [
            0.44382636374941564,
            1.0,
            0.19338170944824207
          ],
          [
            0.28119976153110493,
            0.19338170944824207,
            1.0
          ]
        ],
        "llm_zeroshot_5d": [
          [
            1.0,
            0.0,
            0.0
          ],
          [
            0.0,
            1.0,
            0.0
          ],
          [
            0.0,
            0.0,
            1.0
          ]
        ]
      },
      "mental_health_conditions": {
        "tfidf_2d": [
          [
            1.0,
            0.55773745252049,
            0.19852591596949387
          ],
          [
            0.55773745252049,
            1.0,
            0.23750951300062606
          ],
          [
            0.19852591596949387,
            0.23750951300062606,
            1.0
          ]
        ],
        "tfidf_5d": [
          [
            1.0,
            0.034152136304046676,
            0.01929394266364426
          ],
          [
            0.034152136304046676,
            1.0,
            0.10137545551052607
          ],
          [
            0.01929394266364426,
            0.10137545551052607,
            1.0
          ]
        ],
        "sentence_transformer_2d": [
          [
            1.0,
            0.424849664245574,
            0.24982690317032752
          ],
          [
            0.424849664245574,
            1.0,
            0.2597603206704614
          ],
          [
            0.24982690317032752,
            0.2597603206704614,
            1.0
          ]
        ],
        "sentence_transformer_5d": [
          [
            1.0,
            0.049563380379759825,
            0.08944561639386661
          ],
          [
            0.049563380379759825,
            1.0,
            0.12141582645863769
          ],
          [
            0.08944561639386661,
            0.12141582645863769,
            1.0
          ]
        ],
        "llm_zeroshot_2d": [
          [
            1.0,
            0.07639664029599813,
            0.202670885594199
          ],
          [
            0.07639664029599813,
            1.0,
            0.13802611805136622
          ],
          [
            0.202670885594199,
            0.13802611805136622,
            1.0
          ]
        ],
        "llm_zeroshot_5d": [
          [
            1.0,
            7.529532553007812e-13,
            2.0773215370084586e-09
          ],
          [
            7.529532553007812e-13,
            1.0,
            1.1772215857686064e-06
          ],
          [
            2.0773215370084586e-09,
            1.1772215857686064e-06,
            1.0
          ]
        ]
      }
    },
    "noise_detection_results": {
      "medical_abstracts": {
        "0.05": {
          "crnd": {
            "mean_rho": 0.008315650821421194,
            "std_rho": 0.022427284220166942,
            "mean_auc": 0.5110136842105263,
            "std_auc": 0.029703871820152238
          },
          "baseline_entropy": {
            "mean_rho": 0.01760747265591465,
            "std_rho": 0.0176331016433634,
            "mean_auc": 0.523321052631579,
            "std_auc": 0.023354998160097822
          }
        },
        "0.1": {
          "crnd": {
            "mean_rho": -0.0029365806001726644,
            "std_rho": 0.029422756737259297,
            "mean_auc": 0.4971744444444445,
            "std_auc": 0.028310353120848952
          },
          "baseline_entropy": {
            "mean_rho": -0.0059578344426056635,
            "std_rho": 0.0312917936008823,
            "mean_auc": 0.4942672222222223,
            "std_auc": 0.030109748887800797
          }
        },
        "0.2": {
          "crnd": {
            "mean_rho": 0.003144727927416521,
            "std_rho": 0.034530925579841394,
            "mean_auc": 0.5022693750000001,
            "std_auc": 0.024919045795523075
          },
          "baseline_entropy": {
            "mean_rho": -0.008090189521116503,
            "std_rho": 0.024887998401431872,
            "mean_auc": 0.4941615625,
            "std_auc": 0.017960892360752313
          }
        }
      },
      "mimic_iv_ed_demo": {
        "0.05": {
          "crnd": {
            "mean_rho": 0.021437426633304415,
            "std_rho": 0.1062173355126039,
            "mean_auc": 0.5288578680203047,
            "std_auc": 0.14298385259213614
          },
          "baseline_entropy": {
            "mean_rho": -0.020111100615066248,
            "std_rho": 0.06210591577605151,
            "mean_auc": 0.472994923857868,
            "std_auc": 0.08339548473804809
          }
        },
        "0.1": {
          "crnd": {
            "mean_rho": -0.01941743651122298,
            "std_rho": 0.04727534434972795,
            "mean_auc": 0.4810294117647059,
            "std_auc": 0.04618740948745044
          },
          "baseline_entropy": {
            "mean_rho": -0.012565708955712723,
            "std_rho": 0.06624962033597102,
            "mean_auc": 0.4877540106951872,
            "std_auc": 0.06456397684695504
          }
        },
        "0.2": {
          "crnd": {
            "mean_rho": 0.011411739506264422,
            "std_rho": 0.056991339216993224,
            "mean_auc": 0.5082647663826034,
            "std_auc": 0.04127504875147196
          },
          "baseline_entropy": {
            "mean_rho": 0.03486975023531553,
            "std_rho": 0.07139482008834352,
            "mean_auc": 0.5251910079341757,
            "std_auc": 0.05157787099613379
          }
        }
      },
      "clinical_patient_triage_nl": {
        "0.05": {
          "crnd": {
            "mean_rho": -0.034774798780468054,
            "std_rho": 0.1656285411998341,
            "mean_auc": 0.44333333333333336,
            "std_auc": 0.2698970997332955
          },
          "baseline_entropy": {
            "mean_rho": 0.006149817244033703,
            "std_rho": 0.1971141945507002,
            "mean_auc": 0.51,
            "std_auc": 0.32052041016654986
          }
        },
        "0.1": {
          "crnd": {
            "mean_rho": -5.551115123125783e-18,
            "std_rho": 0.21570545276579312,
            "mean_auc": 0.5,
            "std_auc": 0.21006086473549526
          },
          "baseline_entropy": {
            "mean_rho": -0.08085481263471778,
            "std_rho": 0.15483487205200835,
            "mean_auc": 0.4214285714285714,
            "std_auc": 0.1504622507105649
          }
        },
        "0.2": {
          "crnd": {
            "mean_rho": 0.008233286185800348,
            "std_rho": 0.19108136347404106,
            "mean_auc": 0.506,
            "std_auc": 0.13925037402702609
          },
          "baseline_entropy": {
            "mean_rho": 0.040337467593455294,
            "std_rho": 0.180787892003528,
            "mean_auc": 0.5293333333333333,
            "std_auc": 0.13146862743635837
          }
        }
      },
      "ohsumed_single": {
        "0.05": {
          "crnd": {
            "mean_rho": -0.009444747188859548,
            "std_rho": 0.037130241263142044,
            "mean_auc": 0.48749052631578954,
            "std_auc": 0.04917863513779758
          },
          "baseline_entropy": {
            "mean_rho": -0.002277693232706576,
            "std_rho": 0.034011912841550085,
            "mean_auc": 0.4969842105263158,
            "std_auc": 0.04503361877469538
          }
        },
        "0.1": {
          "crnd": {
            "mean_rho": 0.006460755872070087,
            "std_rho": 0.018443990640555883,
            "mean_auc": 0.5062166666666668,
            "std_auc": 0.0177471713969464
          },
          "baseline_entropy": {
            "mean_rho": 0.00990975274628823,
            "std_rho": 0.027007297758474953,
            "mean_auc": 0.5095322222222223,
            "std_auc": 0.025978404350394425
          }
        },
        "0.2": {
          "crnd": {
            "mean_rho": 0.0019035846389825798,
            "std_rho": 0.044828872471034925,
            "mean_auc": 0.50137375,
            "std_auc": 0.03235141863195494
          },
          "baseline_entropy": {
            "mean_rho": 0.005616903071211073,
            "std_rho": 0.01738074801136981,
            "mean_auc": 0.5040521874999999,
            "std_auc": 0.012538946985449202
          }
        }
      },
      "mental_health_conditions": {
        "0.05": {
          "crnd": {
            "mean_rho": -0.014664350649059563,
            "std_rho": 0.032139686990161204,
            "mean_auc": 0.4805789473684211,
            "std_auc": 0.04256489547584728
          },
          "baseline_entropy": {
            "mean_rho": -0.012428441965829354,
            "std_rho": 0.03585398597187443,
            "mean_auc": 0.4835947368421053,
            "std_auc": 0.04732645304578334
          }
        },
        "0.1": {
          "crnd": {
            "mean_rho": 0.007757641165173612,
            "std_rho": 0.0328742252313632,
            "mean_auc": 0.5074638888888889,
            "std_auc": 0.03162940373379739
          },
          "baseline_entropy": {
            "mean_rho": 0.008994872548224037,
            "std_rho": 0.018479650950665078,
            "mean_auc": 0.5086255555555556,
            "std_auc": 0.017720902110359316
          }
        },
        "0.2": {
          "crnd": {
            "mean_rho": -0.0013048254278378185,
            "std_rho": 0.034795226099871734,
            "mean_auc": 0.4990584374999999,
            "std_auc": 0.02510824772088407
          },
          "baseline_entropy": {
            "mean_rho": -0.003980952384073262,
            "std_rho": 0.029949704743040925,
            "mean_auc": 0.497136875,
            "std_auc": 0.021540008550587318
          }
        }
      }
    },
    "crnd_per_class": {
      "medical_abstracts": {
        "Cardiovascular_diseases": {
          "mean": 0.8815351159114262,
          "std": 0.05473042394588979,
          "median": 0.8861317893575957,
          "q25": 0.838475499092559,
          "q75": 0.9240824534942182,
          "n": 223
        },
        "Digestive_system_diseases": {
          "mean": 0.9020400324532906,
          "std": 0.04820176933552727,
          "median": 0.9013873553347238,
          "q25": 0.8738504219447958,
          "q75": 0.9364758048968576,
          "n": 102
        },
        "General_pathological_conditions": {
          "mean": 0.909390663264028,
          "std": 0.046977954638764176,
          "median": 0.9170500749448118,
          "q25": 0.8839362688046899,
          "q75": 0.9442302337039179,
          "n": 316
        },
        "Neoplasms": {
          "mean": 0.8914759100391212,
          "std": 0.053392883634922846,
          "median": 0.9032258064516129,
          "q25": 0.8652288652288652,
          "q75": 0.9288475077948762,
          "n": 227
        },
        "Nervous_system_diseases": {
          "mean": 0.9038158227791381,
          "std": 0.04912875895765601,
          "median": 0.9129492566025075,
          "q25": 0.8752388752388752,
          "q75": 0.9438339438339438,
          "n": 132
        }
      },
      "mimic_iv_ed_demo": {
        "ESI-1": {
          "mean": 0.8992306112268234,
          "std": 0.05529580597443046,
          "median": 0.9159462595995104,
          "q25": 0.8880574834522204,
          "q75": 0.9278752436647173,
          "n": 18
        },
        "ESI-2": {
          "mean": 0.8817895887840059,
          "std": 0.06713138318823583,
          "median": 0.8966055839120854,
          "q25": 0.8565203859321506,
          "q75": 0.9284020862968232,
          "n": 97
        },
        "ESI-3": {
          "mean": 0.8896227868816378,
          "std": 0.047665477516475235,
          "median": 0.891954656660539,
          "q25": 0.865554247907189,
          "q75": 0.927023177023177,
          "n": 90
        },
        "ESI-4": {
          "mean": 0.7910677134815066,
          "std": 0.028441450855243966,
          "median": 0.7910677134815066,
          "q25": 0.7768469880538846,
          "q75": 0.8052884389091286,
          "n": 2
        }
      },
      "clinical_patient_triage_nl": {
        "Critical": {
          "mean": 0.40358539295737367,
          "std": 0.06970654054952474,
          "median": 0.45027221838816045,
          "q25": 0.37766136171933273,
          "q75": 0.45285283691080797,
          "n": 3
        },
        "High": {
          "mean": 0.45973832349216087,
          "std": 0.056262064863654496,
          "median": 0.4239217572550906,
          "q25": 0.41707750113547215,
          "q75": 0.5069054402387736,
          "n": 7
        },
        "Low": {
          "mean": 0.5153688655604365,
          "std": 0.026033502017254895,
          "median": 0.5239339630144227,
          "q25": 0.5152321071861301,
          "q75": 0.5328631776907639,
          "n": 6
        },
        "Mild": {
          "mean": 0.5084838533114395,
          "std": 0.0,
          "median": 0.5084838533114395,
          "q25": 0.5084838533114395,
          "q75": 0.5084838533114395,
          "n": 1
        },
        "Moderate": {
          "mean": 0.4967144392431749,
          "std": 0.0422578296796301,
          "median": 0.5142857142857142,
          "q25": 0.46883733550400225,
          "q75": 0.5260503651308249,
          "n": 11
        },
        "Routine": {
          "mean": 0.5239451906118573,
          "std": 0.008651529177275326,
          "median": 0.5185185185185186,
          "q25": 0.5178401845068512,
          "q75": 0.527336860670194,
          "n": 3
        }
      },
      "ohsumed_single": {
        "Bacterial_Infections_and_Mycoses": {
          "mean": 0.8630241630647038,
          "std": 0.07049186991350138,
          "median": 0.872075825236716,
          "q25": 0.8116458704693998,
          "q75": 0.9150856023921039,
          "n": 114
        },
        "Digestive_System_Diseases": {
          "mean": 0.8417461619902078,
          "std": 0.1063227077816159,
          "median": 0.8679314774391175,
          "q25": 0.8144649372719548,
          "q75": 0.9168233082706767,
          "n": 176
        },
        "Musculoskeletal_Diseases": {
          "mean": 0.8572907177142977,
          "std": 0.08938338600832318,
          "median": 0.8883168883168884,
          "q25": 0.8042650205838062,
          "q75": 0.9183920762868132,
          "n": 83
        },
        "Neoplasms": {
          "mean": 0.8802432054303923,
          "std": 0.058027719731967534,
          "median": 0.8886028886028886,
          "q25": 0.8491717523975588,
          "q75": 0.9172932330827068,
          "n": 430
        },
        "Otorhinolaryngologic_Diseases": {
          "mean": 0.7954816987075052,
          "std": 0.0,
          "median": 0.7954816987075052,
          "q25": 0.7954816987075052,
          "q75": 0.7954816987075052,
          "n": 1
        },
        "Parasitic_Diseases": {
          "mean": 0.8446612623397497,
          "std": 0.061824846738757405,
          "median": 0.8453159041394336,
          "q25": 0.7824463118580766,
          "q75": 0.8966055839120854,
          "n": 21
        },
        "Respiratory_Tract_Diseases": {
          "mean": 0.8615792949353275,
          "std": 0.06832954270651555,
          "median": 0.8771124065241712,
          "q25": 0.8208061002178649,
          "q75": 0.9172932330827068,
          "n": 121
        },
        "Stomatognathic_Diseases": {
          "mean": 0.8602701159667925,
          "std": 0.06408912971836253,
          "median": 0.871082621082621,
          "q25": 0.8248248248248248,
          "q75": 0.9060887512899897,
          "n": 29
        },
        "Virus_Diseases": {
          "mean": 0.8607387479767064,
          "std": 0.0653301959325149,
          "median": 0.8652288652288652,
          "q25": 0.8308161102278749,
          "q75": 0.9166666666666666,
          "n": 25
        }
      },
      "mental_health_conditions": {
        "anxiety": {
          "mean": 0.8520485039501484,
          "std": 0.08853164166066511,
          "median": 0.8581483403215151,
          "q25": 0.8022571846101259,
          "q75": 0.9129205847472102,
          "n": 176
        },
        "bipolar": {
          "mean": 0.8400890573482696,
          "std": 0.08782082132435994,
          "median": 0.8446368446368446,
          "q25": 0.7677114343781011,
          "q75": 0.9115291762350586,
          "n": 135
        },
        "depression": {
          "mean": 0.9411506464415579,
          "std": 0.03903176985852984,
          "median": 0.9468821047768416,
          "q25": 0.9189189189189189,
          "q75": 0.9691675481149166,
          "n": 167
        },
        "normal": {
          "mean": 0.9621427317152327,
          "std": 0.02515953330138496,
          "median": 0.9653621232568601,
          "q25": 0.9470036838457891,
          "q75": 0.9824561403508771,
          "n": 146
        },
        "personality disorder": {
          "mean": 0.7765596849235028,
          "std": 0.11446727912801398,
          "median": 0.7841790508457175,
          "q25": 0.7086746410275822,
          "q75": 0.8575208728010086,
          "n": 124
        },
        "stress": {
          "mean": 0.8339823699269255,
          "std": 0.10403138029071064,
          "median": 0.852214649815269,
          "q25": 0.7736952063327774,
          "q75": 0.9078100657048025,
          "n": 138
        },
        "suicidal": {
          "mean": 0.9256686636982604,
          "std": 0.05189999476889121,
          "median": 0.9373989373989374,
          "q25": 0.8988988988988988,
          "q75": 0.9563652721547459,
          "n": 114
        }
      }
    },
    "crnd_boundary_stratification": {
      "medical_abstracts": {
        "0.0-0.2": {
          "mean_crnd": 0.8378382327280549,
          "std_crnd": 0.04742440444616059,
          "count": 64
        },
        "0.2-0.4": {
          "mean_crnd": 0.889014179722209,
          "std_crnd": 0.05115050682078754,
          "count": 348
        },
        "0.4-0.6": {
          "mean_crnd": 0.913613412798567,
          "std_crnd": 0.043479174673516356,
          "count": 346
        },
        "0.6-0.8": {
          "mean_crnd": 0.9024948059768723,
          "std_crnd": 0.05242012880030107,
          "count": 178
        },
        "0.8-1.0": {
          "mean_crnd": 0.9042763469614302,
          "std_crnd": 0.04634664621085047,
          "count": 64
        }
      },
      "mimic_iv_ed_demo": {
        "0.0-0.2": {
          "mean_crnd": 0.8019153161345467,
          "std_crnd": 0.03227355735681885,
          "count": 4
        },
        "0.2-0.4": {
          "mean_crnd": 0.8692531626374058,
          "std_crnd": 0.06534304303898635,
          "count": 87
        },
        "0.4-0.6": {
          "mean_crnd": 0.9118748359937147,
          "std_crnd": 0.03226547900789929,
          "count": 68
        },
        "0.6-0.8": {
          "mean_crnd": 0.8803684915057429,
          "std_crnd": 0.06317233573220071,
          "count": 32
        },
        "0.8-1.0": {
          "mean_crnd": 0.8972475231683089,
          "std_crnd": 0.05418705768101958,
          "count": 16
        }
      },
      "clinical_patient_triage_nl": {
        "0.6-0.8": {
          "mean_crnd": 0.47492149076063,
          "std_crnd": 0.04926244630014376,
          "count": 17
        },
        "0.8-1.0": {
          "mean_crnd": 0.4994036107550778,
          "std_crnd": 0.06052100543492604,
          "count": 14
        }
      },
      "ohsumed_single": {
        "0.0-0.2": {
          "mean_crnd": 0.8430811711545125,
          "std_crnd": 0.08735587762021584,
          "count": 451
        },
        "0.2-0.4": {
          "mean_crnd": 0.8758383983738027,
          "std_crnd": 0.060561489335153124,
          "count": 299
        },
        "0.4-0.6": {
          "mean_crnd": 0.8920037329652547,
          "std_crnd": 0.05782492434757455,
          "count": 142
        },
        "0.6-0.8": {
          "mean_crnd": 0.8970400187412562,
          "std_crnd": 0.04777857190106773,
          "count": 77
        },
        "0.8-1.0": {
          "mean_crnd": 0.8903435849640211,
          "std_crnd": 0.059970162376253425,
          "count": 31
        }
      },
      "mental_health_conditions": {
        "0.0-0.2": {
          "mean_crnd": 0.7924436054751276,
          "std_crnd": 0.09204189453219552,
          "count": 418
        },
        "0.2-0.4": {
          "mean_crnd": 0.9140363646178999,
          "std_crnd": 0.053640174827329315,
          "count": 207
        },
        "0.4-0.6": {
          "mean_crnd": 0.9502596721719888,
          "std_crnd": 0.03217064800496944,
          "count": 218
        },
        "0.6-0.8": {
          "mean_crnd": 0.9594828011897726,
          "std_crnd": 0.03293089266014337,
          "count": 105
        },
        "0.8-1.0": {
          "mean_crnd": 0.9534133585098099,
          "std_crnd": 0.037083303376664704,
          "count": 52
        }
      }
    },
    "pca_explained_variance": {
      "medical_abstracts": {
        "tfidf_2d": [
          0.0019212014747841764,
          0.007949002700223152
        ],
        "tfidf_5d": [
          0.0019212066546485296,
          0.007948814231881533,
          0.006728085447088942
        ],
        "sentence_transformer_2d": [
          0.05755924805998802,
          0.042653147131204605
        ],
        "sentence_transformer_5d": [
          0.05755919963121414,
          0.042653195559978485,
          0.03573007136583328
        ],
        "llm_zeroshot_2d": [
          0.3099119022575632,
          0.3035711946880544
        ],
        "llm_zeroshot_5d": [
          0.3099119022575632,
          0.3035711946880544,
          0.22277113238032606
        ]
      },
      "mimic_iv_ed_demo": {
        "tfidf_2d": [
          0.005898332746595158,
          0.024409679307583084
        ],
        "tfidf_5d": [
          0.005898330740182264,
          0.024415818175673537,
          0.024269672792753418
        ],
        "sentence_transformer_2d": [
          0.09296633303165436,
          0.06975485384464264
        ],
        "sentence_transformer_5d": [
          0.09296633303165436,
          0.06975485384464264,
          0.0596662238240242
        ],
        "llm_zeroshot_2d": [
          0.5668263018785417,
          0.3074261989024839
        ],
        "llm_zeroshot_5d": [
          0.5668263018785417,
          0.3074261989024839,
          0.1257474992189735
        ]
      },
      "clinical_patient_triage_nl": {
        "tfidf_2d": [
          0.0950826165391793,
          0.11496394083640277
        ],
        "tfidf_5d": [
          0.09508261498192985,
          0.11496425184040927,
          0.08048300636320739
        ],
        "sentence_transformer_2d": [
          0.09437897801399231,
          0.07729056477546692
        ],
        "sentence_transformer_5d": [
          0.09437897801399231,
          0.07729056477546692,
          0.06439921259880066
        ],
        "llm_zeroshot_2d": [
          0.405865643648466,
          0.22679471534464193
        ],
        "llm_zeroshot_5d": [
          0.405865643648466,
          0.22679471534464193,
          0.1518672837135866
        ]
      },
      "ohsumed_single": {
        "tfidf_2d": [
          0.0020300881274015947,
          0.008118343786739991
        ],
        "tfidf_5d": [
          0.002030089467344676,
          0.008118480688185591,
          0.007379383024030882
        ],
        "sentence_transformer_2d": [
          0.058686766773462296,
          0.04753510653972626
        ],
        "sentence_transformer_5d": [
          0.05868684872984886,
          0.047535184770822525,
          0.0350181981921196
        ],
        "llm_zeroshot_2d": [
          0.24393507946948653,
          0.17885669474045512
        ],
        "llm_zeroshot_5d": [
          0.24393507946948653,
          0.17885669474045512,
          0.14577489129218968
        ]
      },
      "mental_health_conditions": {
        "tfidf_2d": [
          0.004767327102764144,
          0.01633345653921675
        ],
        "tfidf_5d": [
          0.004767428739877496,
          0.016333482149949754,
          0.011064414526997293
        ],
        "sentence_transformer_2d": [
          0.10391736030578613,
          0.0589466392993927
        ],
        "sentence_transformer_5d": [
          0.10391733795404434,
          0.058946557343006134,
          0.04444137215614319
        ],
        "llm_zeroshot_2d": [
          0.3633382706346041,
          0.19794133439774964
        ],
        "llm_zeroshot_5d": [
          0.3633382706346041,
          0.19794133439774964,
          0.1523792473125093
        ]
      }
    },
    "niche_overlap_profile_comparison": {
      "medical_abstracts": {
        "tfidf_2d_vs_sentence_transformer_2d": {
          "kendall_tau": 0.6444444444444444,
          "p_value": 0.009148478835978836
        },
        "tfidf_2d_vs_llm_zeroshot_2d": {
          "kendall_tau": 0.5555555555555555,
          "p_value": 0.02860945767195767
        },
        "sentence_transformer_2d_vs_llm_zeroshot_2d": {
          "kendall_tau": 0.28888888888888886,
          "p_value": 0.2912483465608466
        }
      },
      "mimic_iv_ed_demo": {
        "tfidf_2d_vs_sentence_transformer_2d": {
          "kendall_tau": 0.2,
          "p_value": 0.7194444444444444
        },
        "tfidf_2d_vs_llm_zeroshot_2d": {
          "kendall_tau": 0.4666666666666666,
          "p_value": 0.2722222222222222
        },
        "sentence_transformer_2d_vs_llm_zeroshot_2d": {
          "kendall_tau": -0.06666666666666665,
          "p_value": 1.0
        }
      },
      "clinical_patient_triage_nl": {
        "tfidf_2d_vs_sentence_transformer_2d": {
          "kendall_tau": -0.009808164772274995,
          "p_value": 0.9601057761188054
        },
        "tfidf_2d_vs_llm_zeroshot_2d": {
          "kendall_tau": 0.265319935799805,
          "p_value": 0.187691591808145
        },
        "sentence_transformer_2d_vs_llm_zeroshot_2d": {
          "kendall_tau": -0.029726291898657373,
          "p_value": 0.8804179397868541
        }
      },
      "ohsumed_single": {
        "tfidf_2d_vs_sentence_transformer_2d": {
          "kendall_tau": 0.3587301587301588,
          "p_value": 0.0020816979767858492
        },
        "tfidf_2d_vs_llm_zeroshot_2d": {
          "kendall_tau": 0.29523809523809524,
          "p_value": 0.011293415200324019
        },
        "sentence_transformer_2d_vs_llm_zeroshot_2d": {
          "kendall_tau": 0.04761904761904763,
          "p_value": 0.6828135424202553
        }
      },
      "mental_health_conditions": {
        "tfidf_2d_vs_sentence_transformer_2d": {
          "kendall_tau": 0.7238095238095239,
          "p_value": 4.211272699796076e-07
        },
        "tfidf_2d_vs_llm_zeroshot_2d": {
          "kendall_tau": -0.24761904761904766,
          "p_value": 0.12453202701123642
        },
        "sentence_transformer_2d_vs_llm_zeroshot_2d": {
          "kendall_tau": -0.2380952380952381,
          "p_value": 0.14032300106204762
        }
      }
    },
    "llm_model": "meta-llama/llama-3.1-8b-instruct",
    "llm_sample_per_dataset": 50,
    "llm_total_cost_usd": 0.0026327300000000002,
    "llm_calls_made": 231,
    "llm_calls_failed": 18,
    "runtime_seconds": 651.5513002872467,
    "phase_timings": {
      "medical_abstracts": 118.27513813972473,
      "mimic_iv_ed_demo": 195.78419256210327,
      "clinical_patient_triage_nl": 57.82551288604736,
      "ohsumed_single": 181.61961221694946,
      "mental_health_conditions": 96.7672986984253
    },
    "max_examples_per_dataset": 1000,
    "llm_input_tokens": 58427,
    "llm_output_tokens": 21998
  },
  "datasets": [
    {
      "dataset": "medical_abstracts",
      "examples": [
        {
          "input": "Tissue changes around loose prostheses. A canine model to investigate the effects of an antiinflammatory agent. The aseptically loosened prosthesis provided a means for investigating the in vivo and i...",
          "output": "General_pathological_conditions",
          "predict_crnd_k10": "0.8991",
          "predict_crnd_k20": "0.9236",
          "predict_baseline_entropy_k20": "2.1037",
          "metadata_crnd_k10": 0.8991228070175439,
          "metadata_crnd_k20": 0.9236326109391125,
          "metadata_baseline_entropy_k10": 2.1219280948873624,
          "metadata_baseline_entropy_k20": 2.1037016960573482,
          "metadata_boundary_proximity": 0.43333333333333335,
          "metadata_fold": 0,
          "metadata_task_type": "classification",
          "metadata_n_classes": 5,
          "metadata_row_index": 0,
          "metadata_source": "huggingface/TimSchopf/medical_abstracts"
        },
        {
          "input": "Neuropeptide Y and neuron-specific enolase levels in benign and malignant pheochromocytomas. Neuron-specific enolase (NSE) is the isoform of enolase, a glycolytic enzyme found in the neuroendocrine sy...",
          "output": "Neoplasms",
          "predict_crnd_k10": "0.9167",
          "predict_crnd_k20": "0.9293",
          "predict_baseline_entropy_k20": "1.7427",
          "metadata_crnd_k10": 0.9166666666666666,
          "metadata_crnd_k20": 0.9292929292929293,
          "metadata_baseline_entropy_k10": 1.5709505944546687,
          "metadata_baseline_entropy_k20": 1.7427376486136672,
          "metadata_boundary_proximity": 0.35000000000000003,
          "metadata_fold": 0,
          "metadata_task_type": "classification",
          "metadata_n_classes": 5,
          "metadata_row_index": 1,
          "metadata_source": "huggingface/TimSchopf/medical_abstracts"
        },
        {
          "input": "Sexually transmitted diseases of the colon, rectum, and anus. The challenge of the nineties. During the past two decades, an explosive growth in both the prevalence and types of sexually transmitted d...",
          "output": "Digestive_system_diseases",
          "predict_crnd_k10": "0.9630",
          "predict_crnd_k20": "0.9644",
          "predict_baseline_entropy_k20": "2.1834",
          "metadata_crnd_k10": 0.962962962962963,
          "metadata_crnd_k20": 0.9644259644259644,
          "metadata_baseline_entropy_k10": 1.9609640474436814,
          "metadata_baseline_entropy_k20": 2.1833830982290134,
          "metadata_boundary_proximity": 0.5833333333333334,
          "metadata_fold": 0,
          "metadata_task_type": "classification",
          "metadata_n_classes": 5,
          "metadata_row_index": 2,
          "metadata_source": "huggingface/TimSchopf/medical_abstracts"
        }
      ]
    },
    {
      "dataset": "mimic_iv_ed_demo",
      "examples": [
        {
          "input": "Chief complaint: Abd pain, LEAKING ASCITES",
          "output": "ESI-2",
          "predict_crnd_k10": "0.8538",
          "predict_crnd_k20": "0.7275",
          "predict_baseline_entropy_k20": "0.9341",
          "metadata_crnd_k10": 0.8538011695906433,
          "metadata_crnd_k20": 0.7275323202096657,
          "metadata_baseline_entropy_k10": 0.8812908992306927,
